0|-6.75189|0|4.49635|-4.98979|0|3.82569|-6.61888|0|2.28196
0|-6.61888|0|2.28196|-4.98979|0|3.82569|-4.95963|0|2.57744
0|-7.21051|0|6.43236|-2.23147|0|5.765|-6.75189|0|4.49635
0|-6.75189|0|4.49635|-2.23147|0|5.765|-4.98979|0|3.82569
0|-6.75189|0|4.49635|-7.13435|0|4.6738|-7.21051|0|6.43236
0|-7.21051|0|6.43236|-7.13435|0|4.6738|-8.62294|0|6.26965
0|-7.21051|0|6.43236|-2.22615|0|7.11516|-2.23147|0|5.765
0|-7.21051|0|6.43236|-6.99411|0|7.2653|-2.22615|0|7.11516
0|-6.99411|0|7.2653|-7.39452|0|7.90117|-2.22615|0|7.11516
0|-7.39452|0|7.90117|-1.53787|0|8.02872|-2.22615|0|7.11516
0|-7.39452|0|7.90117|-7.3828|0|8.86953|-1.53787|0|8.02872
0|-7.3828|0|8.86953|-0.676842|0|8.77426|-1.53787|0|8.02872
0|-7.3828|0|8.86953|-0.411942|0|10.2195|-0.676842|0|8.77426
0|-0.676842|0|8.77426|-0.411942|0|10.2195|0.0707283|0|8.77664
0|-7.3828|0|8.86953|-5.99302|0|11.2568|-0.411942|0|10.2195
0|-7.3828|0|8.86953|-7.62147|0|9.34862|-5.99302|0|11.2568
0|-5.99302|0|11.2568|-7.62147|0|9.34862|-6.85199|0|11.679
0|-7.62147|0|9.34862|-9.04388|0|9.83076|-6.85199|0|11.679
0|-9.04388|0|9.83076|-6.94358|0|12.3848|-6.85199|0|11.679
0|-7.36213|0|12.7286|-6.94358|0|12.3848|-9.04388|0|9.83076
0|-7.36213|0|12.7286|-9.04388|0|9.83076|-10.1169|0|9.7846
0|-7.36213|0|12.7286|-10.1169|0|9.7846|-11.4665|0|11.2062
0|-11.4665|0|11.2062|-10.1169|0|9.7846|-12.3927|0|9.94358
0|-11.4665|0|11.2062|-11.3207|0|11.8349|-7.36213|0|12.7286
0|-7.34642|0|13.0281|-7.36213|0|12.7286|-11.3207|0|11.8349
0|-7.34642|0|13.0281|-11.3207|0|11.8349|-11.5553|0|13.6693
0|-6.53881|4.76837e-07|13.6737|-7.34642|0|13.0281|-11.5553|0|13.6693
0|-6.53881|4.76837e-07|13.6737|-11.5553|0|13.6693|-12.4139|0|15.0338
0|-12.4139|0|15.0338|-8.66828|0|18.4143|-6.53881|4.76837e-07|13.6737
0|-8.66828|0|18.4143|-12.4139|0|15.0338|-12.6991|0|16.2519
0|-5.99302|0|11.2568|-5.4711|0|11.3112|-0.411942|0|10.2195
0|-5.4711|0|11.3112|-5.12366|0|11.8786|-0.411942|0|10.2195
0|-0.411942|0|10.2195|-5.12366|0|11.8786|-0.421974|0|11.4718
0|-5.12366|0|11.8786|-5.11897|0|12.292|-0.421974|0|11.4718
0|-5.11897|0|12.292|-0.360394|0|12.0292|-0.421974|0|11.4718
0|-5.11897|0|12.292|-5.26364|0|12.5049|-0.360394|0|12.0292
0|-5.26364|0|12.5049|-5.52819|0|12.7477|-0.360394|0|12.0292
0|-5.52819|0|12.7477|-0.0665398|0|12.6568|-0.360394|0|12.0292
0|-5.52819|0|12.7477|-5.42879|0|13.0007|-0.0665398|0|12.6568
0|-5.42879|0|13.0007|-5.44914|0|13.3386|-0.0665398|0|12.6568
0|-5.44914|0|13.3386|-1.22074|0|15.8776|-0.0665398|0|12.6568
0|-0.0665398|0|12.6568|-1.22074|0|15.8776|0.699928|0|13.8035
0|-0.0665398|0|12.6568|0.699928|0|13.8035|0.842934|0|13.1568
0|-1.22074|0|15.8776|-0.724716|0|15.9124|0.699928|0|13.8035
0|0.699928|0|13.8035|-0.724716|0|15.9124|1.06851|0|14.2007
0|-0.724716|0|15.9124|-0.405914|0|16.4352|1.06851|0|14.2007
0|1.06851|0|14.2007|-0.405914|0|16.4352|1.16435|0|14.8068
0|-0.405914|0|16.4352|1.46037|0|15.1496|1.16435|0|14.8068
0|-0.405914|0|16.4352|2.18342|0|15.9027|1.46037|0|15.1496
0|1.46037|0|15.1496|2.18342|0|15.9027|2.28369|0|15.0784
0|-0.405914|0|16.4352|-0.468178|0|16.7892|2.18342|0|15.9027
0|2.18342|0|15.9027|-0.468178|0|16.7892|1.88029|0|16.4418
0|-0.468178|0|16.7892|-0.498734|0|17.4188|1.88029|0|16.4418
0|1.88029|0|16.4418|-0.498734|0|17.4188|1.95841|0|17.007
0|-0.498734|0|17.4188|-0.468178|0|16.7892|-0.839394|0|17.1002
0|-0.498734|0|17.4188|2.90084|0|17.3719|1.95841|0|17.007
0|-0.498734|0|17.4188|-0.428436|0|17.7436|2.90084|0|17.3719
0|-0.428436|0|17.7436|2.60576|0|18.2582|2.90084|0|17.3719
0|-0.428436|0|17.7436|-0.593899|0|18.0547|2.60576|0|18.2582
0|-0.593899|0|18.0547|2.69845|0|18.886|2.60576|0|18.2582
0|-0.593899|0|18.0547|-1.00384|0|18.2657|2.69845|0|18.886
0|-1.00384|0|18.2657|2.84889|0|19.3626|2.69845|0|18.886
0|-1.00384|0|18.2657|-1.42974|0|18.1286|-1.66997|0|18.5169
0|-1.00384|0|18.2657|-1.66997|0|18.5169|2.84889|0|19.3626
0|-1.42974|0|18.1286|-1.97578|0|18.0107|-1.66997|0|18.5169
0|-1.42974|0|18.1286|-1.70287|0|17.4959|-1.97578|0|18.0107
0|-1.70287|0|17.4959|-2.3709|0|17.7269|-1.97578|0|18.0107
0|-1.70287|0|17.4959|-1.90189|0|17.4663|-2.3709|0|17.7269
0|-1.70287|0|17.4959|-1.8708|0|17.2176|-2.3709|0|17.7269
0|-2.3709|0|17.7269|-1.8708|0|17.2176|-2.91888|0|17.6975
0|-1.8708|0|17.2176|-1.49715|0|16.288|-2.91888|0|17.6975
0|-2.91888|0|17.6975|-1.49715|0|16.288|-3.1713|0|17.7287
0|-1.49715|0|16.288|-1.22074|0|15.8776|-5.44914|0|13.3386
0|-5.44914|0|13.3386|-3.1713|0|17.7287|-1.49715|0|16.288
0|-5.44914|0|13.3386|-4.12981|0|17.1987|-3.1713|0|17.7287
0|-4.12981|0|17.1987|-5.44914|0|13.3386|-6.07118|0|13.7271
0|-4.55647|0|17.2366|-4.12981|0|17.1987|-6.07118|0|13.7271
0|-4.87719|0|17.3871|-4.55647|0|17.2366|-6.07118|0|13.7271
0|-5.07908|0|17.7328|-4.87719|0|17.3871|-6.07118|0|13.7271
0|-8.66828|0|18.4143|-8.37228|0|18.3403|-6.53881|4.76837e-07|13.6737
0|-8.37228|0|18.3403|-8.03939|0|18.438|-6.53881|4.76837e-07|13.6737
0|-8.03939|0|18.438|-6.07118|0|13.7271|-6.53881|4.76837e-07|13.6737
0|-8.03939|0|18.438|-7.79945|0|18.6291|-6.07118|0|13.7271
0|-7.79945|0|18.6291|-7.48173|0|19.1036|-6.07118|0|13.7271
0|-7.48173|0|19.1036|-5.07908|0|17.7328|-6.07118|0|13.7271
0|-5.16247|0|18.601|-5.07908|0|17.7328|-7.48173|0|19.1036
0|-5.56506|0|19.103|-5.16247|0|18.601|-7.48173|0|19.1036
0|-5.27425|0|19.7433|-5.56506|0|19.103|-7.48173|0|19.1036
0|-5.27425|0|19.7433|-7.48173|0|19.1036|-7.5112|0|19.4068
0|-5.27425|0|19.7433|-7.5112|0|19.4068|-7.6397|0|19.7067
0|-4.58465|0|20.0884|-5.27425|0|19.7433|-7.6397|0|19.7067
0|-4.58465|0|20.0884|-7.6397|0|19.7067|-7.89069|0|19.9184
0|-4.58465|0|20.0884|-7.89069|0|19.9184|-4.77237|0|20.3031
0|-4.38115|0|20.7477|-4.77237|0|20.3031|-7.89069|0|19.9184
0|-7.89069|0|19.9184|-8.05622|0|22.9414|-4.38115|0|20.7477
0|-8.05622|0|22.9414|-7.73847|0|23.2316|-4.38115|0|20.7477
0|-7.73847|0|23.2316|-3.76757|4.76837e-07|20.9235|-4.38115|0|20.7477
0|-7.73847|0|23.2316|-7.84211|0|24.3557|-3.76757|4.76837e-07|20.9235
0|-7.84211|0|24.3557|-7.49759|0|25.3624|-3.76757|4.76837e-07|20.9235
0|-3.76757|4.76837e-07|20.9235|-7.49759|0|25.3624|-3.20821|-4.76837e-07|21.1227
0|-7.49759|0|25.3624|-7.02297|0|26.0136|-3.20821|-4.76837e-07|21.1227
0|-7.02297|0|26.0136|-6.56119|0|26.4946|-3.20821|-4.76837e-07|21.1227
0|-6.56119|0|26.4946|-2.81144|0|21.098|-3.20821|-4.76837e-07|21.1227
0|-6.56119|0|26.4946|0.299946|0|26.8342|-2.81144|0|21.098
0|-2.81144|0|21.098|0.299946|0|26.8342|0.862408|0|26.2558
0|-2.81144|0|21.098|0.862408|0|26.2558|-2.15738|0|20.5551
0|-2.15738|0|20.5551|0.862408|0|26.2558|1.71556|0|25.9504
0|-2.15738|0|20.5551|1.71556|0|25.9504|2.20643|0|25.3808
0|-2.15738|0|20.5551|2.20643|0|25.3808|3.44766|0|25.1024
0|3.44766|0|25.1024|4.34589|0|25.8362|4.38405|0|25.2262
0|-2.32732|0|19.9293|-2.15738|0|20.5551|3.44766|0|25.1024
0|-2.32732|0|19.9293|3.44766|0|25.1024|4.38405|0|25.2262
0|-2.32732|0|19.9293|4.38405|0|25.2262|-2.29343|0|19.3774
0|-2.29343|0|19.3774|4.38405|0|25.2262|4.59099|0|23.7887
0|-2.29343|0|19.3774|-2.76913|0|19.2361|-2.32732|0|19.9293
0|-2.32732|0|19.9293|-2.76913|0|19.2361|-2.867|0|19.6676
0|-2.29343|0|19.3774|4.59099|0|23.7887|-1.71119|0|19.198
0|-1.71119|0|19.198|4.59099|0|23.7887|4.69948|0|23.4333
0|-1.71119|0|19.198|4.69948|0|23.4333|5.29972|0|22.7805
0|-1.55275|0|18.8675|-1.71119|0|19.198|5.29972|0|22.7805
0|-1.66997|0|18.5169|-1.55275|0|18.8675|2.84889|0|19.3626
0|2.84889|0|19.3626|-1.55275|0|18.8675|3.24152|0|19.8253
0|-1.55275|0|18.8675|5.29972|0|22.7805|3.24152|0|19.8253
0|5.29972|0|22.7805|4.15959|0|20.2939|3.24152|0|19.8253
0|5.29972|0|22.7805|7.15262|0|19.4675|4.15959|0|20.2939
0|7.15262|0|19.4675|5.29972|0|22.7805|6.60193|0|21.4429
0|6.60193|0|21.4429|5.29972|0|22.7805|7.46461|0|22.9208
0|-6.56119|0|26.4946|0.880959|0|27.8131|0.299946|0|26.8342
0|-6.56119|0|26.4946|-5.81829|0|28.2022|0.880959|0|27.8131
0|-5.81829|0|28.2022|0.177437|0|29.2248|0.880959|0|27.8131
0|-5.81829|0|28.2022|-5.89084|0|29.8392|0.177437|0|29.2248
0|-5.89084|0|29.8392|0.0777283|0|29.9711|0.177437|0|29.2248
0|-5.89084|0|29.8392|-6.61245|0|30.7971|0.0777283|0|29.9711
0|0.0777283|0|29.9711|-6.61245|0|30.7971|-1.10048|0|31.1205
0|-6.61245|0|30.7971|-6.45292|0|31.1743|-1.10048|0|31.1205
0|-1.10048|0|31.1205|-6.45292|0|31.1743|-2.06491|0|31.5575
0|-6.45292|0|31.1743|-6.91069|0|31.5821|-2.06491|0|31.5575
0|-6.91069|0|31.5821|-2.44792|0|32.2739|-2.06491|0|31.5575
0|-6.91069|0|31.5821|-7.02737|0|32.8533|-2.44792|0|32.2739
0|-7.02737|0|32.8533|-2.20698|0|32.9561|-2.44792|0|32.2739
0|-7.02737|0|32.8533|-7.55598|0|35.2695|-2.20698|0|32.9561
0|-2.20698|0|32.9561|-7.55598|0|35.2695|-1.51937|0|33.2591
0|-7.55598|0|35.2695|-1.50161|0|34.2804|-1.51937|0|33.2591
0|-7.55598|0|35.2695|-0.659321|0|34.9942|-1.50161|0|34.2804
0|-7.55598|0|35.2695|-7.02737|0|32.8533|-8.7492|0|33.1372
0|-7.55598|0|35.2695|-6.11124|0|35.9538|-0.659321|0|34.9942
0|-6.11124|0|35.9538|-1.19089|0|35.8847|-0.659321|0|34.9942
0|-6.11124|0|35.9538|-6.6165|0|37.3585|-1.19089|0|35.8847
0|-1.19089|0|35.8847|-6.6165|0|37.3585|-1.26696|0|37.1216
0|-6.6165|0|37.3585|-7.00739|0|38.2014|-1.26696|0|37.1216
0|-7.00739|0|38.2014|-5.94321|0|38.7299|-1.26696|0|37.1216
0|-1.26696|0|37.1216|-5.94321|0|38.7299|-1.05359|0|38.5622
0|-5.94321|0|38.7299|-4.95821|0|39.1503|-1.05359|0|38.5622
0|-4.95821|0|39.1503|-1.02537|0|39.603|-1.05359|0|38.5622
0|-4.95821|0|39.1503|-4.32654|0|40.9797|-1.02537|0|39.603
0|-4.32654|0|40.9797|-0.306892|0|42.0199|-1.02537|0|39.603
0|-1.02537|0|39.603|0.184959|0|41.9355|0.757465|0|41.3486
0|-1.02537|0|39.603|-0.306892|0|42.0199|0.184959|0|41.9355
0|0.184959|0|41.9355|0.352497|0|42.2228|0.757465|0|41.3486
0|0.352497|0|42.2228|1.29609|0|41.4675|0.757465|0|41.3486
0|0.352497|0|42.2228|2.101|0|41.6861|1.29609|0|41.4675
0|2.101|0|41.6861|1.85287|0|41.3439|1.29609|0|41.4675
0|0.352497|0|42.2228|0.260952|0|42.4626|2.101|0|41.6861
0|0.260952|0|42.4626|3.74241|0|43.0311|2.101|0|41.6861
0|2.101|0|41.6861|3.74241|0|43.0311|2.90353|0|41.5834
0|3.74241|0|43.0311|4.53543|0|42.7178|2.90353|0|41.5834
0|2.90353|0|41.5834|4.53543|0|42.7178|3.01|0|41.2864
0|4.53543|0|42.7178|4.86207|0|42.0478|3.01|0|41.2864
0|3.01|0|41.2864|4.86207|0|42.0478|2.94801|0|40.9503
0|4.86207|0|42.0478|4.7748|0|41.8119|2.94801|0|40.9503
0|2.94801|0|40.9503|4.7748|0|41.8119|3.24771|0|40.6967
0|4.7748|0|41.8119|4.93697|0|41.4003|3.24771|0|40.6967
0|3.24771|0|40.6967|4.93697|0|41.4003|3.5353|0|40.0781
0|4.93697|0|41.4003|5.19868|0|40.9664|3.5353|0|40.0781
0|3.5353|0|40.0781|5.19868|0|40.9664|6.16386|0|39.4818
0|0.260952|0|42.4626|3.36985|0|43.6594|3.74241|0|43.0311
0|0.260952|0|42.4626|3.63929|0|44.5461|3.36985|0|43.6594
0|0.260952|0|42.4626|0.176075|0|44.9372|3.63929|0|44.5461
0|0.176075|0|44.9372|0.352299|0|45.1433|3.63929|0|44.5461
0|3.63929|0|44.5461|0.352299|0|45.1433|4.02779|0|44.9814
0|0.352299|0|45.1433|0.229691|-4.76837e-07|45.3723|4.02779|0|44.9814
0|4.02779|0|44.9814|0.229691|-4.76837e-07|45.3723|4.55885|0|45.2938
0|0.229691|-4.76837e-07|45.3723|0.702732|0|48.1898|4.55885|0|45.2938
0|4.55885|0|45.2938|0.702732|0|48.1898|4.98545|0|45.7403
0|0.702732|0|48.1898|0.850937|0|48.3953|4.98545|0|45.7403
0|0.850937|0|48.3953|2.39104|0|49.8784|4.98545|0|45.7403
0|0.850937|0|48.3953|0.766823|4.76837e-07|48.6547|2.39104|0|49.8784
0|0.766823|4.76837e-07|48.6547|2.13078|0|50.1279|2.39104|0|49.8784
0|0.766823|4.76837e-07|48.6547|1.15232|0|51.3095|2.13078|0|50.1279
0|2.13078|0|50.1279|1.15232|0|51.3095|1.98869|0|50.4681
0|1.15232|0|51.3095|2.2006|0|51.4411|1.98869|0|50.4681
0|1.15232|0|51.3095|1.30059|0|51.5019|2.2006|0|51.4411
0|1.30059|0|51.5019|1.2189|0|51.7237|2.2006|0|51.4411
0|2.2006|0|51.4411|1.2189|0|51.7237|2.45816|0|51.5607
0|2.39104|0|49.8784|2.72171|0|49.7248|4.98545|0|45.7403
0|2.72171|0|49.7248|3.05091|0|49.6889|4.98545|0|45.7403
0|3.05091|0|49.6889|3.40278|0|49.8208|4.98545|0|45.7403
0|4.98545|0|45.7403|3.40278|0|49.8208|7.41381|0|44.7714
0|3.40278|0|49.8208|3.95398|0|49.6799|7.41381|0|44.7714
0|7.41381|0|44.7714|3.95398|0|49.6799|5.71902|0|48.9837
0|3.95398|0|49.6799|4.42379|0|50.36|5.71902|0|48.9837
0|4.42379|0|50.36|6.47264|0|51.1133|5.71902|0|48.9837
0|4.42379|0|50.36|3.96997|0|51.8222|6.47264|0|51.1133
0|3.96997|0|51.8222|6.08303|0|52.4451|6.47264|0|51.1133
0|3.96997|0|51.8222|2.82429|0|54.7455|6.08303|0|52.4451
0|2.82429|0|54.7455|3.01295|0|54.9036|6.08303|0|52.4451
0|6.08303|0|52.4451|3.01295|0|54.9036|6.43002|0|53.7047
0|3.01295|0|54.9036|2.98967|0|55.2125|6.43002|0|53.7047
0|2.98967|0|55.2125|4.90328|0|56.2417|6.43002|0|53.7047
0|4.90328|0|56.2417|5.4269|0|56.1511|6.43002|0|53.7047
0|5.4269|0|56.1511|6.57318|0|55.6564|6.43002|0|53.7047
0|3.96997|0|51.8222|3.11066|0|52.0683|2.82429|0|54.7455
0|3.11066|0|52.0683|2.45816|0|51.5607|2.82429|0|54.7455
0|1.2189|0|51.7237|2.82429|0|54.7455|2.45816|0|51.5607
0|1.2189|0|51.7237|2.3933|0|54.9303|2.82429|0|54.7455
0|1.2189|0|51.7237|0.807407|0|51.8761|2.3933|0|54.9303
0|5.4269|0|56.1511|8.18609|0|57.1398|6.57318|0|55.6564
0|5.4269|0|56.1511|5.52726|0|56.3838|8.18609|0|57.1398
0|5.52726|0|56.3838|8.02352|0|57.5238|8.18609|0|57.1398
0|5.52726|0|56.3838|5.40214|0|56.6831|8.02352|0|57.5238
0|8.02352|0|57.5238|8.15348|0|62.2361|8.30936|0|57.7092
0|8.30936|0|57.7092|8.15348|0|62.2361|8.70375|0|62.2259
0|8.30936|0|57.7092|8.70375|0|62.2259|8.55796|0|57.5734
0|8.70375|0|62.2259|9.54111|0|62.9383|8.55796|0|57.5734
0|8.55796|0|57.5734|9.54111|0|62.9383|8.76212|0|57.0531
0|9.54111|0|62.9383|9.95034|0|63.3621|8.76212|0|57.0531
0|8.76212|0|57.0531|9.95034|0|63.3621|9.44324|0|57.2626
0|9.95034|0|63.3621|10.8201|0|62.8459|9.44324|0|57.2626
0|9.44324|0|57.2626|10.8201|0|62.8459|10.1356|0|56.5464
0|10.8201|0|62.8459|10.9796|0|62.4446|10.1356|0|56.5464
0|10.1356|0|56.5464|10.9796|0|62.4446|11.1447|4.76837e-07|56.5536
0|10.9796|0|62.4446|11.288|0|62.4219|11.1447|4.76837e-07|56.5536
0|11.1447|4.76837e-07|56.5536|11.288|0|62.4219|11.3898|-4.76837e-07|56.6246
0|11.288|0|62.4219|11.49|0|62.5907|11.3898|-4.76837e-07|56.6246
0|11.3898|-4.76837e-07|56.6246|11.49|0|62.5907|11.7426|0|56.6248
0|11.7426|0|56.6248|11.49|0|62.5907|11.7688|0|63.4215
0|11.7426|0|56.6248|11.7688|0|63.4215|12.8773|0|55.8811
0|11.7688|0|63.4215|13.1698|0|63.1933|12.8773|0|55.8811
0|12.8773|0|55.8811|13.1698|0|63.1933|13.2071|4.76837e-07|55.9724
0|13.1698|0|63.1933|14.6486|0|61.9308|13.2071|4.76837e-07|55.9724
0|13.2071|4.76837e-07|55.9724|14.6486|0|61.9308|14.0548|0|54.9101
0|14.6486|0|61.9308|16.7261|0|61.772|14.0548|0|54.9101
0|14.0548|0|54.9101|16.7261|0|61.772|14.5415|0|54.3264
0|16.7261|0|61.772|17.4695|0|60.9982|14.5415|0|54.3264
0|14.5415|0|54.3264|17.4695|0|60.9982|19.13|0|60.0755
0|14.5415|0|54.3264|19.13|0|60.0755|20.1227|0|58.928
0|14.5415|0|54.3264|20.1227|0|58.928|20.4897|0|57.3018
0|14.5415|0|54.3264|20.4897|0|57.3018|19.138|0|54.4783
0|20.4897|0|57.3018|20.65|0|54.7904|19.138|0|54.4783
0|14.5415|0|54.3264|19.138|0|54.4783|14.484|0|53.0667
0|19.138|0|54.4783|18.0215|0|51.8739|14.484|0|53.0667
0|14.484|0|53.0667|18.0215|0|51.8739|16.0649|0|51.7878
0|5.40214|0|56.6831|8.15348|0|62.2361|8.02352|0|57.5238
0|8.15348|0|62.2361|5.40214|0|56.6831|6.83924|0|62.832
0|5.40214|0|56.6831|4.89128|0|56.6831|6.83924|0|62.832
0|4.89128|0|56.6831|5.41703|0|63.7476|6.83924|0|62.832
0|4.89128|0|56.6831|5.02952|0|64.4614|5.41703|0|63.7476
0|2.98967|0|55.2125|4.89128|0|56.6831|4.90328|0|56.2417
0|2.98967|0|55.2125|2.4381|0|55.3013|4.89128|0|56.6831
0|2.4381|0|55.3013|5.02952|0|64.4614|4.89128|0|56.6831
0|2.4381|0|55.3013|4.14321|0|64.8704|5.02952|0|64.4614
0|4.14321|0|64.8704|4.93465|0|64.9672|5.02952|0|64.4614
0|2.4381|0|55.3013|3.73798|0|65.1367|4.14321|0|64.8704
0|-2.75852|0|56.4457|2.4381|0|55.3013|2.3933|0|54.9303
0|-2.75852|0|56.4457|-2.65141|0|56.8306|2.4381|0|55.3013
0|-2.65141|0|56.8306|3.73798|0|65.1367|2.4381|0|55.3013
0|-2.65141|0|56.8306|-2.84209|0|57.5628|3.73798|0|65.1367
0|-2.84209|0|57.5628|3.44463|0|66.2839|3.73798|0|65.1367
0|-2.84209|0|57.5628|-3.48478|0|57.7758|3.44463|0|66.2839
0|-3.48478|0|57.7758|1.27311|0|68.201|3.44463|0|66.2839
0|3.44463|0|66.2839|1.27311|0|68.201|4.08839|0|66.9539
0|1.27311|0|68.201|1.84885|0|69.4771|4.08839|0|66.9539
0|4.08839|0|66.9539|1.84885|0|69.4771|4.97456|0|68.2495
0|1.84885|0|69.4771|2.92939|0|70.0358|4.97456|0|68.2495
0|4.97456|0|68.2495|2.92939|0|70.0358|4.57597|0|69.5771
0|1.27311|0|68.201|-3.48478|0|57.7758|-3.71645|0|58.2962
0|-3.71645|0|58.2962|-2.75316|0|63.0502|1.27311|0|68.201
0|-2.75316|0|63.0502|0.709202|0|67.9093|1.27311|0|68.201
0|-2.75316|0|63.0502|-1.83224|0|68.1995|0.709202|0|67.9093
0|-2.75316|0|63.0502|-3.02415|0|63.5326|-1.83224|0|68.1995
0|-3.02415|0|63.5326|-2.71216|0|69.5074|-1.83224|0|68.1995
0|-3.02415|0|63.5326|-4.34661|0|67.8694|-2.71216|0|69.5074
0|-3.02415|0|63.5326|-3.47871|0|63.3501|-4.34661|0|67.8694
0|-4.34661|0|67.8694|-3.47871|0|63.3501|-5.84071|0|65.9542
0|-3.47871|0|63.3501|-6.09417|0|61.8942|-5.84071|0|65.9542
0|-5.84071|0|65.9542|-6.09417|0|61.8942|-7.50366|0|65.7922
0|-6.09417|0|61.8942|-6.43466|4.76837e-07|61.7329|-7.50366|0|65.7922
0|-6.43466|4.76837e-07|61.7329|-9.4222|0|66.3381|-7.50366|0|65.7922
0|-3.47871|0|63.3501|-3.19234|0|62.8324|-6.09417|0|61.8942
0|-6.09417|0|61.8942|-3.19234|0|62.8324|-5.68196|0|61.5286
0|-3.19234|0|62.8324|-2.75316|0|63.0502|-3.71645|0|58.2962
0|-5.68196|0|61.5286|-3.19234|0|62.8324|-3.71645|0|58.2962
0|-6.04886|0|61.1899|-5.68196|0|61.5286|-3.71645|0|58.2962
0|-3.71645|0|58.2962|-4.29864|0|58.4728|-6.04886|0|61.1899
0|-6.04886|0|61.1899|-4.29864|0|58.4728|-4.99208|0|58.1911
0|-6.04886|0|61.1899|-4.99208|0|58.1911|-5.81456|0|58.0312
0|-10.476|0|60.6453|-6.43466|4.76837e-07|61.7329|-6.04886|0|61.1899
0|-6.04886|0|61.1899|-10.3957|0|60.1597|-10.476|0|60.6453
0|-10.3957|0|60.1597|-6.04886|0|61.1899|-5.81456|0|58.0312
0|-5.81456|0|58.0312|-7.53425|0|57.5217|-10.3957|0|60.1597

0|-6.43466|4.76837e-07|61.7329|-10.476|0|60.6453|-9.4222|0|66.3381
0|-10.476|0|60.6453|-10.8436|0|60.7517|-9.4222|0|66.3381
0|-9.4222|0|66.3381|-10.8436|0|60.7517|-10.9072|0|66.0689
0|-9.4222|0|66.3381|-10.9072|0|66.0689|-10.4128|0|70.177
0|-10.8436|0|60.7517|-12.3774|0|65.6575|-10.9072|0|66.0689
0|-10.8436|0|60.7517|-11.0779|0|60.405|-12.3774|0|65.6575
0|-12.3774|0|65.6575|-11.0779|0|60.405|-13.1866|0|65.3343
0|-11.0779|0|60.405|-13.6729|0|59.4803|-13.1866|0|65.3343
0|-13.1866|0|65.3343|-13.6729|0|59.4803|-14.1665|0|65.4974
0|-13.6729|0|59.4803|-14.1082|0|59.3701|-14.1665|0|65.4974
0|-14.1665|0|65.4974|-14.1082|0|59.3701|-14.9865|0|65.8161
0|-14.1082|0|59.3701|-16.4598|0|61.1907|-14.9865|0|65.8161
0|-16.4598|0|61.1907|-16.8714|0|61.7382|-14.9865|0|65.8161
0|-16.8714|0|61.7382|-17.3796|0|62.96|-14.9865|0|65.8161
0|-14.9865|0|65.8161|-17.3796|0|62.96|-16.8475|0|67.2704
0|-14.9865|0|65.8161|-16.8475|0|67.2704|-16.0121|0|67.26
0|-17.3796|0|62.96|-19.3417|0|65.3777|-16.8475|0|67.2704
0|-19.3417|0|65.3777|-18.0634|0|67.5999|-16.8475|0|67.2704
0|-16.8475|0|67.2704|-18.0634|0|67.5999|-16.5376|0|69.019
0|-17.3796|0|62.96|-17.7797|0|63.0859|-19.3417|0|65.3777
0|-17.7797|0|63.0859|-18.4442|0|62.9859|-19.3417|0|65.3777
0|-18.4442|0|62.9859|-18.6194|0|62.7136|-19.3417|0|65.3777
0|-18.6194|0|62.7136|-19.1569|0|63.0399|-19.3417|0|65.3777
0|-19.3417|0|65.3777|-19.1569|0|63.0399|-20.1823|0|65.6635
0|-19.1569|0|63.0399|-19.5442|0|62.8336|-20.1823|0|65.6635
0|-20.1823|0|65.6635|-19.5442|0|62.8336|-20.6669|0|66.0877
0|-19.5442|0|62.8336|-19.6755|0|61.9078|-20.6669|0|66.0877
0|-19.6755|0|61.9078|-23.1363|0|66.2337|-20.6669|0|66.0877
0|-20.6669|0|66.0877|-23.1363|0|66.2337|-20.792|0|66.9888
0|-19.6755|0|61.9078|-24.2785|0|61.0468|-23.1363|0|66.2337
0|-19.6755|0|61.9078|-19.8181|0|60.9223|-24.2785|0|61.0468
0|-19.8181|0|60.9223|-24.3545|0|59.8929|-24.2785|0|61.0468
0|-19.8181|0|60.9223|-19.016|0|60.191|-24.3545|0|59.8929
0|-24.3545|0|59.8929|-19.016|0|60.191|-23.5228|0|59.1652
0|-19.016|0|60.191|-20.2008|0|57.5973|-23.5228|0|59.1652
0|-20.2008|0|57.5973|-20.7493|0|57.3757|-23.5228|0|59.1652
0|-20.7493|0|57.3757|-24.0866|0|58.2402|-23.5228|0|59.1652
0|-17.5312|0|58.1851|-20.2008|0|57.5973|-19.016|0|60.191
0|-17.5312|0|58.1851|-19.016|0|60.191|-17.742|0|59.7031
0|-17.1805|0|58.1145|-17.5312|0|58.1851|-17.742|0|59.7031
0|-17.1805|0|58.1145|-17.742|0|59.7031|-16.4598|0|61.1907
0|-14.1082|0|59.3701|-17.1805|0|58.1145|-16.4598|0|61.1907
0|-17.5312|0|58.1851|-20.0205|0|56.9695|-20.2008|0|57.5973
0|-20.0205|0|56.9695|-17.5312|0|58.1851|-17.6719|0|57.4924
0|-17.1805|0|58.1145|-14.1082|0|59.3701|-13.9911|0|58.8244
0|-17.1805|0|58.1145|-13.9911|0|58.8244|-17.0889|0|57.6526
0|-13.6729|0|59.4803|-11.0779|0|60.405|-10.9104|0|60.0043
0|-13.6729|0|59.4803|-10.9104|0|60.0043|-13.3979|0|59.0572
0|-24.2785|0|61.0468|-26.4236|0|61.5236|-23.1363|0|66.2337
0|-26.4236|0|61.5236|-26.5124|0|64.5813|-23.1363|0|66.2337
0|-26.5124|0|64.5813|-25.0402|0|67.3202|-23.1363|0|66.2337
0|-26.5124|0|64.5813|-27.0773|0|65.4564|-25.0402|0|67.3202
0|-27.0773|0|65.4564|-27.5422|0|66.8737|-25.0402|0|67.3202
0|-25.0402|0|67.3202|-27.5422|0|66.8737|-25.2442|0|68.0989
0|-27.5422|0|66.8737|-26.6339|0|68.9552|-25.2442|0|68.0989
0|-27.5422|0|66.8737|-28.0018|0|67.9218|-26.6339|0|68.9552
0|-28.0018|0|67.9218|-27.3342|0|68.9871|-26.6339|0|68.9552
0|-28.0018|0|67.9218|-28.5053|0|68.1684|-27.3342|0|68.9871
0|-28.5053|0|68.1684|-27.976|0|69.873|-27.3342|0|68.9871
0|-28.5053|0|68.1684|-29.156|0|67.8734|-27.976|0|69.873
0|-29.156|0|67.8734|-28.9133|0|69.7071|-27.976|0|69.873
0|-29.156|0|67.8734|-29.3374|0|67.5381|-28.9133|0|69.7071
0|-29.3374|0|67.5381|-30.4319|0|69.9365|-28.9133|0|69.7071
0|-29.3374|0|67.5381|-29.6328|0|67.592|-30.4319|0|69.9365
0|-29.6328|0|67.592|-31.0268|0|69.6193|-30.4319|0|69.9365
0|-29.6328|0|67.592|-31.4217|0|68.6562|-31.0268|0|69.6193
0|-29.6328|0|67.592|-30.0882|0|67.3046|-31.4217|0|68.6562
0|-30.0882|0|67.3046|-30.7554|0|65.9086|-31.4217|0|68.6562
0|-30.7554|0|65.9086|-32.8905|0|66.9249|-31.4217|0|68.6562
0|-30.7554|0|65.9086|-30.7251|0|64.6309|-32.8905|0|66.9249
0|-32.8905|0|66.9249|-30.7251|0|64.6309|-33.07|0|64.8838
0|-30.7251|0|64.6309|-30.4852|0|63.9327|-33.07|0|64.8838
0|-33.07|0|64.8838|-30.4852|0|63.9327|-33.8708|0|63.6037
0|-30.4852|0|63.9327|-29.5521|0|63.2007|-33.8708|0|63.6037
0|-33.8708|0|63.6037|-29.5521|0|63.2007|-33.1985|0|61.2937
0|-29.5521|0|63.2007|-32.1715|0|60.5358|-33.1985|0|61.2937
0|-29.5521|0|63.2007|-28.8309|0|62.7279|-32.1715|0|60.5358
0|-26.5124|0|64.5813|-26.4236|0|61.5236|-27.3493|0|63.3826
0|-27.3493|0|63.3826|-26.4236|0|61.5236|-28.8309|0|62.7279
0|-28.8309|0|62.7279|-26.4236|0|61.5236|-32.1715|0|60.5358
0|-26.4236|0|61.5236|-27.2126|0|60.1119|-32.1715|0|60.5358
0|-27.2126|0|60.1119|-32.934|0|58.5325|-32.1715|0|60.5358
0|-27.2126|0|60.1119|-26.7715|0|59.1983|-32.934|0|58.5325
0|-26.7715|0|59.1983|-26.8699|0|58.2135|-32.934|0|58.5325
0|-26.8699|0|58.2135|-32.6827|0|57.558|-32.934|0|58.5325
0|-32.934|0|58.5325|-32.6827|0|57.558|-33.4022|0|57.6925
0|-32.6827|0|57.558|-26.8699|0|58.2135|-31.6625|0|56.6222
0|-26.8699|0|58.2135|-29.8172|0|54.105|-31.6625|0|56.6222
0|-31.6625|0|56.6222|-29.8172|0|54.105|-30.9181|0|54.5704
0|-26.8699|0|58.2135|-29.312|0|53.9545|-29.8172|0|54.105
0|-26.8699|0|58.2135|-26.4845|0|57.8197|-29.312|0|53.9545
0|-26.4845|0|57.8197|-29.3447|0|53.3485|-29.312|0|53.9545
0|-26.4845|0|57.8197|-25.9062|0|57.7541|-29.3447|0|53.3485
0|-29.8172|0|54.105|-31.8361|0|53.8959|-30.9181|0|54.5704
0|-31.8361|0|53.8959|-29.8172|0|54.105|-31.8049|0|53.4873
0|-29.8172|0|54.105|-29.9035|0|53.3366|-31.8049|0|53.4873
0|-31.8931|0|48.6037|-31.8049|0|53.4873|-29.9035|0|53.3366
0|-31.8931|0|48.6037|-29.9035|0|53.3366|-29.4677|0|48.5027
0|-29.4677|0|48.5027|-29.9035|0|53.3366|-29.3447|0|53.3485
0|-29.4677|0|48.5027|-29.3447|0|53.3485|-28.888|0|48.5162
0|-28.888|0|48.5162|-29.3447|0|53.3485|-25.9062|0|57.7541
0|-25.9062|0|57.7541|-25.4245|0|58.623|-28.888|0|48.5162
0|-25.4245|0|58.623|-24.936|0|58.1976|-28.888|0|48.5162
0|-24.936|0|58.1976|-25.5206|0|50.0118|-28.888|0|48.5162
0|-24.936|0|58.1976|-24.0866|0|58.2402|-25.5206|0|50.0118
0|-25.5206|0|50.0118|-24.0866|0|58.2402|-24.65|0|50.3203
0|-24.0866|0|58.2402|-20.7493|0|57.3757|-24.65|0|50.3203
0|-20.7493|0|57.3757|-20.5476|0|56.7962|-24.65|0|50.3203
0|-20.5476|0|56.7962|-24.1474|0|49.9688|-24.65|0|50.3203
0|-20.5476|0|56.7962|-20.0205|0|56.9695|-24.1474|0|49.9688
0|-20.0205|0|56.9695|-23.2751|0|49.6267|-24.1474|0|49.9688
0|-24.1474|0|49.9688|-23.2751|0|49.6267|-24.1325|0|49.4017
0|-24.1325|0|49.4017|-23.2751|0|49.6267|-23.4119|0|49.1295
0|-31.8931|0|48.6037|-32.4156|-4.76837e-07|48.717|-31.8049|0|53.4873
0|-31.8049|0|53.4873|-32.4156|-4.76837e-07|48.717|-32.3283|0|53.4319
0|-32.4156|-4.76837e-07|48.717|-34.6332|0|52.9842|-32.3283|0|53.4319
0|-32.4156|-4.76837e-07|48.717|-34.5755|4.76837e-07|48.4145|-34.6332|0|52.9842
0|-32.3283|0|53.4319|-34.6332|0|52.9842|-32.4779|0|53.9884
0|-34.6332|0|52.9842|-34.5357|0|53.6356|-32.4779|0|53.9884
0|-34.5755|4.76837e-07|48.4145|-35.053|4.76837e-07|48.6236|-34.6332|0|52.9842
0|-35.053|4.76837e-07|48.6236|-35.0843|0|52.9396|-34.6332|0|52.9842
0|-35.053|4.76837e-07|48.6236|-37.2505|0|53.7007|-35.0843|0|52.9396
0|-35.053|4.76837e-07|48.6236|-37.219|0|48.5772|-37.2505|0|53.7007
0|-37.219|0|48.5772|-37.8657|0|48.7206|-37.2505|0|53.7007
0|-37.2505|0|53.7007|-37.8657|0|48.7206|-37.5507|0|53.6979
0|-37.8657|0|48.7206|-37.8546|0|54.0643|-37.5507|0|53.6979
0|-37.8657|0|48.7206|-38.2331|0|49.3643|-37.8546|0|54.0643
0|-38.2331|0|49.3643|-39.4837|-4.76837e-07|53.3544|-37.8546|0|54.0643
0|-38.2331|0|49.3643|-39.1624|-4.76837e-07|49.4971|-39.4837|-4.76837e-07|53.3544
0|-39.1624|-4.76837e-07|49.4971|-40.8599|-4.76837e-07|52.3018|-39.4837|-4.76837e-07|53.3544
0|-40.8599|-4.76837e-07|52.3018|-39.1624|-4.76837e-07|49.4971|-40.8468|0|50.2331
0|-35.0843|0|52.9396|-37.2505|0|53.7007|-35.0779|0|53.5858
0|-37.2505|0|53.7007|-37.1237|0|54.245|-35.0779|0|53.5858
0|-35.0779|0|53.5858|-37.1237|0|54.245|-35.6387|0|54.4185
0|-37.1237|0|54.245|-37.6824|0|54.3473|-35.6387|0|54.4185
0|-35.6387|0|54.4185|-37.6824|0|54.3473|-37.0819|0|55.5812
0|-37.6824|0|54.3473|-37.8546|0|54.0643|-38.0822|0|54.2308
0|-37.6824|0|54.3473|-38.0822|0|54.2308|-37.0819|0|55.5812
0|-38.0822|0|54.2308|-38.0959|0|55.1683|-37.0819|0|55.5812
0|-39.4837|-4.76837e-07|53.3544|-38.0822|0|54.2308|-37.8546|0|54.0643
0|-35.6387|0|54.4185|-37.0819|0|55.5812|-36.0698|0|55.228
0|-35.6387|0|54.4185|-36.0698|0|55.228|-35.1874|0|56.9205
0|-37.219|0|48.5772|-35.053|4.76837e-07|48.6236|-35.2064|0|48.0639
0|-37.219|0|48.5772|-35.2064|0|48.0639|-37.2438|0|48.2209
0|-37.2438|0|48.2209|-35.2064|0|48.0639|-37.4312|0|47.3919
0|-37.2438|0|48.2209|-37.4312|0|47.3919|-38.3908|0|47.5948
0|-37.2438|0|48.2209|-38.3908|0|47.5948|-37.8565|0|48.2831
0|-35.2064|0|48.0639|-35.2637|0|46.7769|-37.4312|0|47.3919
0|-35.2064|0|48.0639|-34.6969|0|47.9338|-35.2637|0|46.7769
0|-34.6969|0|47.9338|-34.4796|0|46.1148|-35.2637|0|46.7769
0|-34.6969|0|47.9338|-34.5755|4.76837e-07|48.4145|-32.4156|-4.76837e-07|48.717
0|-32.4156|-4.76837e-07|48.717|-32.4589|0|48.0946|-34.6969|0|47.9338
0|-32.4589|0|48.0946|-34.4796|0|46.1148|-34.6969|0|47.9338
0|-32.4589|0|48.0946|-31.9456|0|48.0431|-34.4796|0|46.1148
0|-34.4796|0|46.1148|-31.9456|0|48.0431|-32.5164|0|44.1097
0|-31.9456|0|48.0431|-31.8931|0|48.6037|-29.4677|0|48.5027
0|-31.9456|0|48.0431|-29.4677|0|48.5027|-29.5575|0|47.9634
0|-31.9456|0|48.0431|-29.5575|0|47.9634|-32.5164|0|44.1097
0|-32.5164|0|44.1097|-29.5575|0|47.9634|-30.9722|0|44.9357
0|-29.5575|0|47.9634|-29.5841|0|46.0431|-30.9722|0|44.9357
0|-29.5575|0|47.9634|-28.9757|0|47.9848|-29.5841|0|46.0431
0|-29.5841|0|46.0431|-28.9757|0|47.9848|-29.0876|0|46.5514
0|-28.9757|0|47.9848|-28.4372|0|46.3426|-29.0876|0|46.5514
0|-28.9757|0|47.9848|-28.888|0|48.5162|-28.4372|0|46.3426
0|-25.5206|0|50.0118|-26.2617|0|49.3397|-28.888|0|48.5162
0|-26.2617|0|49.3397|-26.3401|0|48.8238|-28.888|0|48.5162
0|-26.3401|0|48.8238|-28.4372|0|46.3426|-28.888|0|48.5162
0|-26.3401|0|48.8238|-26.1493|0|48.6359|-28.4372|0|46.3426
0|-28.4372|0|46.3426|-26.1493|0|48.6359|-27.4782|0|45.3375
0|-26.1493|0|48.6359|-26.7857|0|45.5443|-27.4782|0|45.3375
0|-26.1493|0|48.6359|-25.4865|0|47.5875|-26.7857|0|45.5443
0|-25.4865|0|47.5875|-21.7306|0|45.2054|-26.7857|0|45.5443
0|-26.7857|0|45.5443|-21.7306|0|45.2054|-26.4669|0|45.1492
0|-26.4669|0|45.1492|-21.7306|0|45.2054|-26.4418|0|44.5171
0|-26.4418|0|44.5171|-21.7306|0|45.2054|-26.7194|0|44.1573
0|-21.7306|0|45.2054|-21.8556|0|44.7856|-26.7194|0|44.1573
0|-26.7194|0|44.1573|-21.8556|0|44.7856|-27.5405|0|43.1378
0|-21.8556|0|44.7856|-21.6552|0|43.5185|-27.5405|0|43.1378
0|-27.5405|0|43.1378|-21.6552|0|43.5185|-28.0223|0|41.888
0|-21.7306|0|45.2054|-25.4865|0|47.5875|-21.1046|0|45.5832
0|-25.4865|0|47.5875|-24.6017|0|48.0816|-21.1046|0|45.5832
0|-24.6017|0|48.0816|-23.4372|0|48.1251|-21.1046|0|45.5832
0|-23.4372|0|48.1251|-20.1639|0|46.3624|-21.1046|0|45.5832
0|-23.4372|0|48.1251|-23.0548|0|48.9725|-20.1639|0|46.3624
0|-23.0548|0|48.9725|-22.7627|0|49.2297|-20.1639|0|46.3624
0|-22.7627|0|49.2297|-19.9812|0|50.0098|-20.1639|0|46.3624
0|-19.9812|0|50.0098|-19.4739|0|46.3406|-20.1639|0|46.3624
0|-19.9812|0|50.0098|-19.6064|0|49.7665|-19.4739|0|46.3406
0|-19.6064|0|49.7665|-16.8604|0|46.577|-19.4739|0|46.3406
0|-19.4739|0|46.3406|-16.8604|0|46.577|-19.4437|0|45.0637
0|-16.8604|0|46.577|-17.7108|0|44.6558|-19.4437|0|45.0637
0|-19.6064|0|49.7665|-19.2596|0|50.2915|-16.8604|0|46.577
0|-19.2596|0|50.2915|-16.6825|0|48.3203|-16.8604|0|46.577
0|-19.2596|0|50.2915|-16.6825|0|48.3203|-16.8604|0|46.577
0|-16.6825|0|48.3203|-19.2596|0|50.2915|-15.8405|0|49.0973
0|-15.8405|0|49.0973|-19.2596|0|50.2915|-15.8663|0|50.3049
0|-19.2596|0|50.2915|-19.4244|0|50.6495|-15.8663|0|50.3049
0|-15.8663|0|50.3049|-19.4244|0|50.6495|-16.0447|0|50.9835
0|-19.9812|0|50.0098|-22.7627|0|49.2297|-20.1783|0|50.4726
0|-22.7627|0|49.2297|-22.9283|0|49.6858|-20.1783|0|50.4726
0|-22.9283|0|49.6858|-23.2751|0|49.6267|-20.0205|0|56.9695
0|-20.1783|0|50.4726|-22.9283|0|49.6858|-20.0205|0|56.9695
0|-19.4244|0|50.6495|-20.1783|0|50.4726|-20.0205|0|56.9695
0|-16.0447|0|50.9835|-19.4244|0|50.6495|-20.0205|0|56.9695
0|-20.0205|0|56.9695|-17.6719|0|57.4924|-16.0447|0|50.9835
0|-15.4948|0|51.0484|-16.0447|0|50.9835|-17.6719|0|57.4924
0|-15.4948|0|51.0484|-17.6719|0|57.4924|-17.0889|0|57.6526
0|-15.4948|0|51.0484|-17.0889|0|57.6526|-13.9911|0|58.8244
0|-15.8663|0|50.3049|-15.2678|0|48.8272|-15.8405|0|49.0973
0|-15.8663|0|50.3049|-15.3604|0|50.3642|-15.2678|0|48.8272
0|-15.3604|0|50.3642|-14.5503|0|47.6164|-15.2678|0|48.8272
0|-15.3604|0|50.3642|-11.9021|0|50.5954|-14.5503|0|47.6164
0|-15.4948|0|51.0484|-11.9021|0|50.5954|-15.3604|0|50.3642
0|-15.4948|0|51.0484|-11.804|4.76837e-07|51.2493|-11.9021|0|50.5954
0|-11.9021|0|50.5954|-13.2918|0|47.6003|-14.5503|0|47.6164
0|-11.9021|0|50.5954|-11.393|0|50.3662|-13.2918|0|47.6003
0|-13.2918|0|47.6003|-11.393|0|50.3662|-11.611|4.76837e-07|46.6835
0|-13.9911|0|58.8244|-11.804|4.76837e-07|51.2493|-15.4948|0|51.0484
0|-13.9911|0|58.8244|-13.3979|0|59.0572|-11.804|4.76837e-07|51.2493
0|-13.3979|0|59.0572|-11.2067|0|51.0465|-11.804|4.76837e-07|51.2493
0|-13.3979|0|59.0572|-10.9104|0|60.0043|-11.2067|0|51.0465
0|-10.9104|0|60.0043|-8.84027|0|49.1995|-11.2067|0|51.0465
0|-10.9104|0|60.0043|-10.3957|0|60.1597|-8.84027|0|49.1995
0|-10.3957|0|60.1597|-7.53425|0|57.5217|-8.84027|0|49.1995
0|-7.53425|0|57.5217|-7.12997|0|55.2893|-8.84027|0|49.1995
0|-7.12997|0|55.2893|-6.16087|0|55.0551|-8.84027|0|49.1995
0|-6.16087|0|55.0551|-5.88095|4.76837e-07|54.5844|-8.84027|0|49.1995
0|-8.84027|0|49.1995|-5.88095|4.76837e-07|54.5844|-8.70744|4.76837e-07|48.6845
0|-5.88095|4.76837e-07|54.5844|-7.40297|4.76837e-07|47.0036|-8.70744|4.76837e-07|48.6845
0|-11.2067|0|51.0465|-8.84027|0|49.1995|-11.393|0|50.3662
0|-8.84027|0|49.1995|-9.27478|0|49.1261|-11.393|0|50.3662
0|-11.393|0|50.3662|-9.27478|0|49.1261|-11.611|4.76837e-07|46.6835
0|-9.27478|0|49.1261|-9.30988|0|48.6438|-11.611|4.76837e-07|46.6835
0|-11.611|4.76837e-07|46.6835|-9.30988|0|48.6438|-10.3247|0|47.0355
0|-9.30988|0|48.6438|-8.70744|4.76837e-07|48.6845|-10.3247|0|47.0355
0|-8.70744|4.76837e-07|48.6845|-7.40297|4.76837e-07|47.0036|-7.90795|0|46.9087
0|-8.70744|4.76837e-07|48.6845|-7.90795|0|46.9087|-10.3247|0|47.0355
0|-10.3247|0|47.0355|-7.90795|0|46.9087|-9.21722|0|45.7182
0|-7.90795|0|46.9087|-7.76439|0|46.3373|-9.21722|0|45.7182
0|-7.76439|0|46.3373|-7.95648|0|45.3413|-9.21722|0|45.7182
0|-7.76439|0|46.3373|-7.23755|0|46.52|-7.95648|0|45.3413
0|-7.40297|4.76837e-07|47.0036|-6.2023|0|47.1469|-7.23755|0|46.52
0|-6.2023|0|47.1469|-7.95648|0|45.3413|-7.23755|0|46.52
0|-6.2023|0|47.1469|-5.9282|0|46.8806|-7.95648|0|45.3413
0|-5.9282|0|46.8806|-5.8262|0|44.0309|-7.95648|0|45.3413
0|-7.95648|0|45.3413|-5.8262|0|44.0309|-6.33705|0|43.8808
0|-6.33705|0|43.8808|-6.20853|2.38419e-07|43.3672|-7.95648|0|45.3413
0|-7.95648|0|45.3413|-6.20853|2.38419e-07|43.3672|-7.43165|0|43.5938
0|-6.20853|2.38419e-07|43.3672|-7.05449|-2.38419e-07|42.5237|-7.43165|0|43.5938
0|-7.43165|0|43.5938|-7.05449|-2.38419e-07|42.5237|-7.68642|2.38419e-07|42.1426
0|-7.05449|-2.38419e-07|42.5237|-6.20853|2.38419e-07|43.3672|-6.78286|0|42.4884
0|-6.20853|2.38419e-07|43.3672|-5.65038|-2.38419e-07|43.433|-6.78286|0|42.4884
0|-6.78286|0|42.4884|-5.65038|-2.38419e-07|43.433|-6.49727|0|42.036
0|-5.65038|-2.38419e-07|43.433|-6.21643|0|42.0395|-6.49727|0|42.036
0|-5.65038|-2.38419e-07|43.433|-5.76889|-2.38419e-07|41.8061|-6.21643|0|42.0395
0|-5.65038|-2.38419e-07|43.433|-5.02571|0|42.0066|-5.76889|-2.38419e-07|41.8061
0|-5.65038|-2.38419e-07|43.433|-4.61441|0|41.8688|-5.02571|0|42.0066
0|-4.61441|0|41.8688|-0.306892|0|42.0199|-4.32654|0|40.9797
0|-4.61441|0|41.8688|-0.343838|0|42.5167|-0.306892|0|42.0199
0|0.176075|0|44.9372|0.260952|0|42.4626|-0.343838|0|42.5167
0|0.176075|0|44.9372|-0.343838|0|42.5167|-0.274925|0|44.9499
0|-0.274925|0|44.9499|-0.343838|0|42.5167|-4.61441|0|41.8688
0|-5.65038|-2.38419e-07|43.433|-5.5965|0|43.7328|-4.61441|0|41.8688
0|-5.5965|0|43.7328|-0.274925|0|44.9499|-4.61441|0|41.8688
0|-5.5965|0|43.7328|-5.8262|0|44.0309|-0.274925|0|44.9499
0|-0.274925|0|44.9499|-5.8262|0|44.0309|-0.344166|0|45.3331
0|-5.9282|0|46.8806|-0.344166|0|45.3331|-5.8262|0|44.0309
0|-5.9282|0|46.8806|-5.62398|0|47.1581|-0.344166|0|45.3331
0|-5.62398|0|47.1581|-0.136379|0|45.5077|-0.344166|0|45.3331
0|0.702732|0|48.1898|0.229691|-4.76837e-07|45.3723|-0.136379|0|45.5077
0|0.221039|0|48.2336|0.702732|0|48.1898|-0.136379|0|45.5077
0|-5.62398|0|47.1581|-4.86306|0|47.2841|-0.136379|0|45.5077
0|-4.86306|0|47.2841|0.221039|0|48.2336|-0.136379|0|45.5077
0|-4.86306|0|47.2841|-4.71984|0|47.914|0.221039|0|48.2336
0|-4.71984|0|47.914|0.182312|0|48.709|0.221039|0|48.2336
0|-4.71984|0|47.914|-5.35964|0|48.6051|0.182312|0|48.709
0|-5.35964|0|48.6051|0.708572|0|51.3498|0.182312|0|48.709
0|0.708572|0|51.3498|0.766823|4.76837e-07|48.6547|0.182312|0|48.709
0|0.708572|0|51.3498|1.15232|0|51.3095|0.766823|4.76837e-07|48.6547
0|-5.88095|4.76837e-07|54.5844|-5.89983|0|48.5292|-7.40297|4.76837e-07|47.0036
0|-5.89983|0|48.5292|-6.2023|0|47.1469|-7.40297|4.76837e-07|47.0036
0|-5.89983|0|48.5292|-5.88095|4.76837e-07|54.5844|-5.04653|0|54.5063
0|-5.35964|0|48.6051|-5.89983|0|48.5292|-5.04653|0|54.5063
0|0.708572|0|51.3498|-5.35964|0|48.6051|-5.04653|0|54.5063
0|0.807407|0|51.8761|0.708572|0|51.3498|-5.04653|0|54.5063
0|2.3933|0|54.9303|0.807407|0|51.8761|-5.04653|0|54.5063
0|-5.04653|0|54.5063|-4.02487|0|55.2001|2.3933|0|54.9303

0|2.3933|0|54.9303|-4.02487|0|55.2001|-3.66224|0|55.9441
0|-2.75852|0|56.4457|2.3933|0|54.9303|-3.66224|0|55.9441
0|-7.89069|0|19.9184|-8.53065|0|22.7122|-8.05622|0|22.9414
0|-7.89069|0|19.9184|-8.28478|0|20.0124|-8.53065|0|22.7122
0|-8.28478|0|20.0124|-8.60664|0|19.9576|-8.53065|0|22.7122
0|-8.60664|0|19.9576|-9.08562|0|22.963|-8.53065|0|22.7122
0|-8.60664|0|19.9576|-8.85413|0|19.7483|-9.08562|0|22.963
0|-8.85413|0|19.7483|-9.47454|0|23.6052|-9.08562|0|22.963
0|-8.85413|0|19.7483|-10.4357|0|23.3069|-9.47454|0|23.6052
0|-8.85413|0|19.7483|-11.2463|0|23.1189|-10.4357|0|23.3069
0|-8.85413|0|19.7483|-8.99199|0|18.6978|-11.2463|0|23.1189
0|-8.99199|0|18.6978|-12.307|0|22.9339|-11.2463|0|23.1189
0|-8.99199|0|18.6978|-8.66828|0|18.4143|-12.6991|0|16.2519
0|-12.307|0|22.9339|-8.99199|0|18.6978|-12.6991|0|16.2519
0|-12.6991|0|16.2519|-12.954|0|16.5059|-12.307|0|22.9339
0|-12.307|0|22.9339|-12.954|0|16.5059|-12.7065|0|23.0575
0|-12.954|0|16.5059|-13.4985|0|16.6334|-12.7065|0|23.0575
0|-12.7065|0|23.0575|-13.4985|0|16.6334|-13.7966|0|23.3338
0|-13.7966|0|23.3338|-13.4985|0|16.6334|-14.15|0|16.5664
0|-13.7966|0|23.3338|-14.15|0|16.5664|-14.3392|0|22.8039
0|-14.15|0|16.5664|-14.9582|0|17.0951|-14.3392|0|22.8039
0|-14.9582|0|17.0951|-15.5085|0|22.6331|-14.3392|0|22.8039
0|-14.9582|0|17.0951|-15.8314|0|17.2521|-15.5085|0|22.6331
0|-15.8314|0|17.2521|-16.5235|0|22.4872|-15.5085|0|22.6331
0|-15.8314|0|17.2521|-16.7313|0|16.9614|-16.5235|0|22.4872
0|-16.7313|0|16.9614|-17.3324|0|22.3141|-16.5235|0|22.4872
0|-16.7313|0|16.9614|-17.2128|0|17.8601|-17.3324|0|22.3141
0|-17.2128|0|17.8601|-18.0095|0|17.7472|-17.3324|0|22.3141
0|-18.0095|0|17.7472|-17.6327|-4.76837e-07|22.6903|-17.3324|0|22.3141
0|-18.0095|0|17.7472|-18.5046|0|22.9115|-17.6327|-4.76837e-07|22.6903
0|-18.0095|0|17.7472|-18.9668|0|17.6445|-18.5046|0|22.9115
0|-18.9668|0|17.6445|-19.9669|0|22.7304|-18.5046|0|22.9115
0|-19.9669|0|22.7304|-19.0979|0|23.5285|-18.5046|0|22.9115
0|-19.9669|0|22.7304|-19.7059|0|23.5955|-19.0979|0|23.5285
0|-18.9668|0|17.6445|-19.4841|0|16.894|-19.9669|0|22.7304
0|-19.4841|0|16.894|-20.2653|0|21.5153|-19.9669|0|22.7304
0|-19.4841|0|16.894|-20.6556|0|21.3341|-20.2653|0|21.5153
0|-19.4841|0|16.894|-20.2575|0|17.5198|-20.6556|0|21.3341
0|-20.2575|0|17.5198|-21.1125|0|21.4955|-20.6556|0|21.3341
0|-20.2575|0|17.5198|-20.5805|0|17.8859|-21.1125|0|21.4955
0|-20.5805|0|17.8859|-21.1565|0|18.0484|-21.1125|0|21.4955
0|-21.1565|0|18.0484|-21.5261|0|22.0873|-21.1125|0|21.4955
0|-21.1565|0|18.0484|-21.9051|0|22.5703|-21.5261|0|22.0873
0|-21.1565|0|18.0484|-22.4231|0|22.1163|-21.9051|0|22.5703
0|-22.4231|0|22.1163|-22.3683|4.76837e-07|22.7855|-21.9051|0|22.5703
0|-21.1565|0|18.0484|-21.4368|4.76837e-07|17.9052|-22.4231|0|22.1163
0|-21.4368|4.76837e-07|17.9052|-22.7158|0|21.8353|-22.4231|0|22.1163
0|-21.4368|4.76837e-07|17.9052|-21.6859|0|17.6559|-22.7158|0|21.8353
0|-21.6859|0|17.6559|-23.0632|0|19.5473|-22.7158|0|21.8353
0|-23.0632|0|19.5473|-23.1527|0|20.3693|-22.7158|0|21.8353
0|-23.1527|0|20.3693|-23.3547|0|20.857|-22.7158|0|21.8353
0|-23.3547|0|20.857|-23.6007|0|21.2608|-22.7158|0|21.8353
0|-23.6007|0|21.2608|-23.0859|0|22.064|-22.7158|0|21.8353
0|-23.6007|0|21.2608|-23.9414|0|21.5763|-23.0859|0|22.064
0|-23.9414|0|21.5763|-24.3848|0|21.7796|-23.0859|0|22.064
0|-23.0859|0|22.064|-24.3848|0|21.7796|-23.0605|0|22.3241
0|-24.3848|0|21.7796|-23.3019|0|22.3773|-23.0605|0|22.3241
0|-23.3019|0|22.3773|-24.3848|0|21.7796|-23.3861|0|22.6063
0|-24.3848|0|21.7796|-24.9358|-2.38419e-07|21.8845|-23.3861|0|22.6063
0|-23.3861|0|22.6063|-23.3861|0|22.6063|-24.9358|-2.38419e-07|21.8845
0|-23.3861|0|22.6063|-23.3861|0|22.6063|-24.9358|-2.38419e-07|21.8845

0|-24.9358|-2.38419e-07|21.8845|-23.7802|0|23.0824|-23.3861|0|22.6063
0|-24.9358|-2.38419e-07|21.8845|-25.4776|-2.38419e-07|21.8428|-23.7802|0|23.0824
0|-23.7802|0|23.0824|-25.4776|-2.38419e-07|21.8428|-24.3198|0|23.3775
0|-23.7802|0|23.0824|-24.3198|0|23.3775|-23.4189|2.38419e-07|23.5145
0|-25.4776|-2.38419e-07|21.8428|-25.0712|0|23.5269|-24.3198|0|23.3775
0|-25.4776|-2.38419e-07|21.8428|-26.012|0|21.7109|-25.0712|0|23.5269
0|-25.0712|0|23.5269|-26.012|0|21.7109|-25.6622|-2.38419e-07|23.7941
0|-26.012|0|21.7109|-26.53|0|23.4341|-25.6622|-2.38419e-07|23.7941
0|-26.012|0|21.7109|-26.9056|0|21.3343|-26.53|0|23.4341
0|-26.53|0|23.4341|-26.9056|0|21.3343|-26.9299|0|23.4359
0|-26.9056|0|21.3343|-27.2648|0|23.2228|-26.9299|0|23.4359
0|-26.9056|0|21.3343|-27.7907|0|20.7392|-27.2648|0|23.2228
0|-27.7907|0|20.7392|-28.109|0|23.864|-27.2648|0|23.2228
0|-27.7907|0|20.7392|-28.9256|0|20.1109|-28.109|0|23.864
0|-28.109|0|23.864|-28.9256|0|20.1109|-28.7521|0|23.908
0|-28.9256|0|20.1109|-29.7918|0|19.9446|-28.7521|0|23.908
0|-28.7521|0|23.908|-29.7918|0|19.9446|-29.4539|0|24.3554
0|-28.7521|0|23.908|-29.4539|0|24.3554|-28.9554|0|25.1499
0|-29.4539|0|24.3554|-29.7918|0|19.9446|-30.0169|0|24.3463
0|-29.7918|0|19.9446|-30.2453|0|19.8555|-30.0169|0|24.3463
0|-30.0169|0|24.3463|-30.2453|0|19.8555|-30.6812|0|24.454
0|-30.2453|0|19.8555|-31.2851|0|19.6197|-30.6812|0|24.454
0|-30.6812|0|24.454|-31.2851|0|19.6197|-31.4444|0|23.859
0|-31.2851|0|19.6197|-32.5244|0|23.6347|-31.4444|0|23.859
0|-31.2851|0|19.6197|-32.445|0|21.5299|-32.5244|0|23.6347
0|-31.2851|0|19.6197|-31.8948|0|19.2661|-32.445|0|21.5299
0|-32.445|0|21.5299|-31.8948|0|19.2661|-33.1696|0|20.8494
0|-31.8948|0|19.2661|-32.3891|0|18.8011|-33.1696|0|20.8494
0|-33.1696|0|20.8494|-32.3891|0|18.8011|-33.8155|0|20.5985
0|-32.3891|0|18.8011|-32.86|0|18.2299|-33.8155|0|20.5985
0|-33.8155|0|20.5985|-32.86|0|18.2299|-33.7603|0|18.6354
0|-33.7603|0|18.6354|-34.5157|0|20.1669|-33.8155|0|20.5985
0|-32.86|0|18.2299|-33.189|0|17.6845|-33.7603|0|18.6354
0|-33.7603|0|18.6354|-33.189|0|17.6845|-34.2336|0|18.2456
0|-33.189|0|17.6845|-33.3965|0|16.9878|-34.2336|0|18.2456
0|-33.3965|0|16.9878|-34.6641|0|17.1315|-34.2336|0|18.2456
0|-34.2336|0|18.2456|-34.6641|0|17.1315|-35.1954|0|18.0282
0|-33.3965|0|16.9878|-33.4394|0|16.2399|-34.6641|0|17.1315
0|-34.6641|0|17.1315|-33.4394|0|16.2399|-34.8021|0|16.5355
0|-33.4394|0|16.2399|-35.1244|0|16.3894|-34.8021|0|16.5355
0|-33.4394|0|16.2399|-35.3824|0|15.8399|-35.1244|0|16.3894
0|-33.4394|0|16.2399|-33.3857|0|15.4372|-35.3824|0|15.8399
0|-35.3824|0|15.8399|-33.3857|0|15.4372|-35.7261|0|15.1284
0|-33.3857|0|15.4372|-33.1094|0|14.7064|-35.7261|0|15.1284
0|-33.1094|0|14.7064|-36.4407|0|15.0028|-35.7261|0|15.1284
0|-36.4407|0|15.0028|-33.1094|0|14.7064|-37.817|0|13.9403
0|-33.1094|0|14.7064|-32.6912|0|14.0798|-37.817|0|13.9403
0|-37.817|0|13.9403|-32.6912|0|14.0798|-37.7451|0|13.6205
0|-32.6912|0|14.0798|-37.7441|0|12.7802|-37.7451|0|13.6205
0|-32.6912|0|14.0798|-32.1344|0|13.478|-37.7441|0|12.7802
0|-32.1344|0|13.478|-37.9214|0|11.2864|-37.7441|0|12.7802
0|-32.1344|0|13.478|-31.3567|0|12.9861|-37.9214|0|11.2864
0|-37.9214|0|11.2864|-31.3567|0|12.9861|-37.2037|0|10.059
0|-31.3567|0|12.9861|-30.466|0|12.6723|-37.2037|0|10.059
0|-37.2037|0|10.059|-30.466|0|12.6723|-37.2142|0|9.53374
0|-30.466|0|12.6723|-31.6939|0|9.70395|-37.2142|0|9.53374
0|-37.2142|0|9.53374|-31.6939|0|9.70395|-36.1197|0|8.77192
0|-30.466|0|12.6723|-30.7805|0|9.59928|-31.6939|0|9.70395
0|-30.466|0|12.6723|-29.6026|0|12.6986|-30.7805|0|9.59928
0|-30.7805|0|9.59928|-29.6026|0|12.6986|-29.6957|0|9.4036
0|-29.6026|0|12.6986|-29.0617|0|9.98595|-29.6957|0|9.4036
0|-29.6026|0|12.6986|-28.6617|0|12.8411|-29.0617|0|9.98595
0|-28.6617|0|12.8411|-28.1486|0|9.45454|-29.0617|0|9.98595
0|-28.6617|0|12.8411|-27.8048|0|13.1197|-28.1486|0|9.45454
0|-27.8048|0|13.1197|-27.2729|0|9.1663|-28.1486|0|9.45454
0|-28.1486|0|9.45454|-27.2729|0|9.1663|-27.3442|0|8.28135
0|-27.8048|0|13.1197|-26.7649|0|10.6687|-27.2729|0|9.1663
0|-27.8048|0|13.1197|-26.3113|0|10.6883|-26.7649|0|10.6687
0|-27.8048|0|13.1197|-27.1539|0|13.6008|-26.3113|0|10.6883
0|-27.1539|0|13.6008|-25.7223|0|11.204|-26.3113|0|10.6883
0|-27.1539|0|13.6008|-26.4249|0|14.8122|-25.7223|0|11.204
0|-25.7223|0|11.204|-26.4249|0|14.8122|-25.1538|0|11.1085
0|-26.4249|0|14.8122|-25.8068|0|16.0937|-25.1538|0|11.1085
0|-25.1538|0|11.1085|-25.8068|0|16.0937|-24.1063|0|12.6175
0|-25.8068|0|16.0937|-23.9459|0|14.1197|-24.1063|0|12.6175
0|-25.8068|0|16.0937|-25.1727|0|16.8821|-23.9459|0|14.1197
0|-23.9459|0|14.1197|-25.1727|0|16.8821|-22.8214|0|14.5607
0|-25.1727|0|16.8821|-24.4415|0|17.6355|-22.8214|0|14.5607
0|-22.8214|0|14.5607|-24.4415|0|17.6355|-23.22|0|16.6498
0|-23.22|0|16.6498|-22.8461|0|15.9865|-22.8214|0|14.5607
0|-22.8461|0|15.9865|-22.0303|0|16.2024|-22.8214|0|14.5607
0|-24.4415|0|17.6355|-22.8743|0|17.3291|-23.22|0|16.6498
0|-24.4415|0|17.6355|-23.3925|0|18.5183|-22.8743|0|17.3291
0|-23.3925|0|18.5183|-22.3636|0|17.4565|-22.8743|0|17.3291
0|-23.3925|0|18.5183|-23.1623|0|18.9353|-22.3636|0|17.4565
0|-23.1623|0|18.9353|-22.1697|0|17.891|-22.3636|0|17.4565
0|-23.1623|0|18.9353|-23.0632|0|19.5473|-22.1697|0|17.891
0|-23.0632|0|19.5473|-21.6859|0|17.6559|-22.1697|0|17.891
1|-23.0632|0|19.5473|-23.3547|0|20.857|-23.1527|0|20.3693
1|-23.0632|0|19.5473|-23.6007|0|21.2608|-23.3547|0|20.857
1|-23.0632|0|19.5473|-23.1623|0|18.9353|-23.6007|0|21.2608
1|-23.6007|0|21.2608|-23.1623|0|18.9353|-23.9414|0|21.5763
1|-23.1623|0|18.9353|-23.3925|0|18.5183|-23.9414|0|21.5763
1|-23.9414|0|21.5763|-23.3925|0|18.5183|-24.3848|0|21.7796
1|-23.3925|0|18.5183|-24.9358|-2.38419e-07|21.8845|-24.3848|0|21.7796
1|-23.3925|0|18.5183|-24.4415|0|17.6355|-24.9358|-2.38419e-07|21.8845
1|-24.4415|0|17.6355|-25.4776|-2.38419e-07|21.8428|-24.9358|-2.38419e-07|21.8845
1|-24.4415|0|17.6355|-26.012|0|21.7109|-25.4776|-2.38419e-07|21.8428
1|-24.4415|0|17.6355|-26.2602|0|19.8231|-26.012|0|21.7109
1|-26.2602|0|19.8231|-26.4403|0|19.9487|-26.012|0|21.7109
1|-26.4403|0|19.9487|-26.9056|0|21.3343|-26.012|0|21.7109
1|-26.4403|0|19.9487|-26.9833|0|19.8874|-26.9056|0|21.3343
1|-26.9833|0|19.8874|-27.7907|0|20.7392|-26.9056|0|21.3343
1|-26.9833|0|19.8874|-27.202|0|19.4784|-27.7907|0|20.7392
1|-27.202|0|19.4784|-27.4183|0|19.422|-27.7907|0|20.7392
1|-27.4183|0|19.422|-28.9256|0|20.1109|-27.7907|0|20.7392
1|-27.4183|0|19.422|-27.6357|0|19.0949|-28.9256|0|20.1109
1|-27.6357|0|19.0949|-27.5896|0|18.6944|-28.9256|0|20.1109
1|-27.5896|0|18.6944|-27.6634|0|18.4341|-28.9256|0|20.1109
1|-27.6634|0|18.4341|-29.7918|0|19.9446|-28.9256|0|20.1109
1|-27.6634|0|18.4341|-28.8894|0|16.4267|-29.7918|0|19.9446
1|-28.8894|0|16.4267|-29.2669|0|16.4686|-29.7918|0|19.9446
1|-29.2669|0|16.4686|-30.2453|0|19.8555|-29.7918|0|19.9446
1|-29.2669|0|16.4686|-29.6064|0|16.2675|-30.2453|0|19.8555
1|-30.2453|0|19.8555|-29.6064|0|16.2675|-31.2851|0|19.6197
1|-29.6064|0|16.2675|-30.006|0|15.9842|-31.2851|0|19.6197
1|-30.006|0|15.9842|-31.8948|0|19.2661|-31.2851|0|19.6197
1|-30.006|0|15.9842|-32.3891|0|18.8011|-31.8948|0|19.2661
1|-30.006|0|15.9842|-32.86|0|18.2299|-32.3891|0|18.8011
1|-30.006|0|15.9842|-33.189|0|17.6845|-32.86|0|18.2299
1|-30.006|0|15.9842|-33.3965|0|16.9878|-33.189|0|17.6845
1|-30.006|0|15.9842|-33.4394|0|16.2399|-33.3965|0|16.9878
1|-30.006|0|15.9842|-33.3857|0|15.4372|-33.4394|0|16.2399
1|-30.006|0|15.9842|-30.0609|0|15.757|-33.3857|0|15.4372
1|-30.0609|0|15.757|-33.1094|0|14.7064|-33.3857|0|15.4372
1|-30.0609|0|15.757|-29.9554|0|15.4489|-33.1094|0|14.7064
1|-29.9554|0|15.4489|-32.6912|0|14.0798|-33.1094|0|14.7064
1|-29.9554|0|15.4489|-32.1344|0|13.478|-32.6912|0|14.0798
1|-29.9554|0|15.4489|-29.7005|0|15.2776|-32.1344|0|13.478
1|-29.7005|0|15.2776|-31.3567|0|12.9861|-32.1344|0|13.478
1|-29.7005|0|15.2776|-30.466|0|12.6723|-31.3567|0|12.9861
1|-29.7005|0|15.2776|-29.3981|0|15.3066|-30.466|0|12.6723
1|-29.3981|0|15.3066|-29.6026|0|12.6986|-30.466|0|12.6723
1|-29.3981|0|15.3066|-28.6617|0|12.8411|-29.6026|0|12.6986
1|-29.3981|0|15.3066|-29.0463|0|15.3926|-28.6617|0|12.8411
1|-29.0463|0|15.3926|-27.8048|0|13.1197|-28.6617|0|12.8411
1|-29.0463|0|15.3926|-28.7926|0|15.7235|-27.8048|0|13.1197
1|-28.7926|0|15.7235|-27.1539|0|13.6008|-27.8048|0|13.1197
1|-28.7926|0|15.7235|-26.4249|0|14.8122|-27.1539|0|13.6008
1|-28.7926|0|15.7235|-28.6902|0|16.0099|-26.4249|0|14.8122
1|-28.6902|0|16.0099|-25.8068|0|16.0937|-26.4249|0|14.8122
1|-28.6902|0|16.0099|-28.8894|0|16.4267|-25.8068|0|16.0937
1|-27.6634|0|18.4341|-27.3551|0|18.1564|-28.8894|0|16.4267
1|-27.3551|0|18.1564|-27.2846|0|17.6917|-28.8894|0|16.4267
1|-27.2846|0|17.6917|-26.9238|0|17.5532|-28.8894|0|16.4267
1|-26.9238|0|17.5532|-25.8068|0|16.0937|-28.8894|0|16.4267
1|-26.9238|0|17.5532|-26.7069|0|17.6677|-25.8068|0|16.0937
1|-26.7069|0|17.6677|-26.5021|0|17.6636|-25.8068|0|16.0937
1|-26.5021|0|17.6636|-25.1727|0|16.8821|-25.8068|0|16.0937
1|-26.5021|0|17.6636|-26.285|0|17.8325|-25.1727|0|16.8821
1|-26.285|0|17.8325|-26.3389|0|18.0506|-25.1727|0|16.8821
1|-26.3389|0|18.0506|-24.4415|0|17.6355|-25.1727|0|16.8821
1|-26.3389|0|18.0506|-26.2528|0|18.3714|-24.4415|0|17.6355
1|-26.2528|0|18.3714|-26.0817|0|18.5711|-24.4415|0|17.6355
1|-26.0817|0|18.5711|-26.236|0|19.2259|-24.4415|0|17.6355
1|-26.236|0|19.2259|-26.1774|0|19.5019|-24.4415|0|17.6355
1|-26.1774|0|19.5019|-26.2602|0|19.8231|-24.4415|0|17.6355
0|-29.7005|0|15.2776|-29.9554|0|15.4489|-29.3981|0|15.3066
0|-29.9554|0|15.4489|-30.0609|0|15.757|-29.3981|0|15.3066
0|-29.3981|0|15.3066|-30.0609|0|15.757|-29.0463|0|15.3926
0|-30.0609|0|15.757|-30.006|0|15.9842|-29.0463|0|15.3926
0|-29.0463|0|15.3926|-30.006|0|15.9842|-28.7926|0|15.7235
0|-30.006|0|15.9842|-29.6064|0|16.2675|-28.7926|0|15.7235
0|-28.7926|0|15.7235|-29.6064|0|16.2675|-28.6902|0|16.0099
0|-29.6064|0|16.2675|-29.2669|0|16.4686|-28.6902|0|16.0099
0|-29.2669|0|16.4686|-28.8894|0|16.4267|-28.6902|0|16.0099
