0|-2.38873|0|-0.295103|-2.06504|0|1.50801|2.24745|0|-1.42921
0|-2.38873|0|-0.295103|2.24745|0|-1.42921|-1.30735|0|-1.65923
0|-1.30735|0|-1.65923|2.24745|0|-1.42921|0.0758095|0|-1.9341
0|-2.06504|0|1.50801|-1.59648|0|1.47651|2.24745|0|-1.42921
0|-1.59648|0|1.47651|-1.13673|0|1.6473|2.24745|0|-1.42921
0|-1.13673|0|1.6473|-0.324413|0|1.70098|2.24745|0|-1.42921
0|-0.324413|0|1.70098|1.0955|0|2.39905|2.24745|0|-1.42921
0|1.0955|0|2.39905|3.03896|0|0.385433|2.24745|0|-1.42921
0|1.0955|0|2.39905|3.15536|0|0.934643|3.03896|0|0.385433
0|1.0955|0|2.39905|1.74099|0|2.4507|3.15536|0|0.934643
0|1.74099|0|2.4507|1.94313|0|2.56103|3.15536|0|0.934643
0|1.94313|0|2.56103|2.29733|0|3.05552|3.15536|0|0.934643
0|2.29733|0|3.05552|3.71656|0|1.05652|3.15536|0|0.934643
0|2.29733|0|3.05552|2.9979|0|3.28216|3.71656|0|1.05652
0|2.9979|0|3.28216|3.7328|0|3.28288|3.71656|0|1.05652
0|3.7328|0|3.28288|4.35904|-2.38419e-07|2.88386|3.71656|0|1.05652
0|4.35904|-2.38419e-07|2.88386|4.13124|0|0.71888|3.71656|0|1.05652
0|4.35904|-2.38419e-07|2.88386|5.98798|0|2.81202|4.13124|0|0.71888
0|4.13124|0|0.71888|5.98798|0|2.81202|4.12812|0|0.0730553
0|5.98798|0|2.81202|6.8895|0|3.11484|4.12812|0|0.0730553
0|6.8895|0|3.11484|9.51643|0|1.48187|4.12812|0|0.0730553
0|4.12812|0|0.0730553|9.51643|0|1.48187|9.73989|0|0.772726
0|9.73989|0|0.772726|9.08116|0|-1.17381|4.12812|0|0.0730553
0|9.08116|0|-1.17381|8.77363|0|-1.34264|4.12812|0|0.0730553
0|4.12812|0|0.0730553|8.77363|0|-1.34264|4.92657|0|-1.27265
0|4.92657|0|-1.27265|8.77363|0|-1.34264|5.9356|0|-1.72984
0|5.9356|0|-1.72984|8.77363|0|-1.34264|8.0033|0|-2.45943
0|8.77363|0|-1.34264|8.61234|0|-2.16835|8.0033|0|-2.45943
0|4.12812|0|0.0730553|4.92657|0|-1.27265|4.15812|0|-2.33722
0|4.12812|0|0.0730553|4.15812|0|-2.33722|3.36649|0|-0.0285072
0|3.36649|0|-0.0285072|4.15812|0|-2.33722|2.8718|0|-1.90976
0|2.8718|0|-1.90976|3.03896|0|0.385433|3.36649|0|-0.0285072
0|3.03896|0|0.385433|2.8718|0|-1.90976|2.24745|0|-1.42921
0|9.73989|0|0.772726|10.1646|0|0.474762|9.08116|0|-1.17381
0|10.1646|0|0.474762|9.6869|0|-1.23313|9.08116|0|-1.17381
0|10.1646|0|0.474762|10.1767|0|-1.50284|9.6869|0|-1.23313
0|10.1646|0|0.474762|10.3978|0|0.497984|10.1767|0|-1.50284
0|10.1767|0|-1.50284|10.3978|0|0.497984|10.4929|0|-1.46596
0|10.3978|0|0.497984|11.4103|0|-0.667538|10.4929|0|-1.46596
0|10.3978|0|0.497984|10.8375|0|0.798151|11.4103|0|-0.667538
0|10.8375|0|0.798151|11.8764|0|0.0739231|11.4103|0|-0.667538
0|10.8375|0|0.798151|10.878|0|1.23214|11.8764|0|0.0739231
0|10.878|0|1.23214|12.4911|0|0.554529|11.8764|0|0.0739231
0|10.878|0|1.23214|13.2564|0|0.807243|12.4911|0|0.554529
0|10.878|0|1.23214|13.7891|0|1.393|13.2564|0|0.807243
0|10.878|0|1.23214|10.7623|1.19209e-07|1.5387|13.7891|0|1.393
0|10.7623|1.19209e-07|1.5387|14.0521|0|2.08811|13.7891|0|1.393
0|10.7623|1.19209e-07|1.5387|10.58|0|1.72396|14.0521|0|2.08811
0|10.58|0|1.72396|14.7948|0|5.45257|14.0521|0|2.08811
0|10.58|0|1.72396|11.359|0|4.16735|14.7948|0|5.45257
0|10.58|0|1.72396|10.4893|0|3.74881|11.359|0|4.16735
0|10.58|0|1.72396|9.93269|0|3.20978|10.4893|0|3.74881
0|9.93269|0|3.20978|10.58|0|1.72396|10.2283|0|1.81494
0|10.2283|0|1.81494|9.54825|0|3.08594|9.93269|0|3.20978
0|9.54825|0|3.08594|10.2283|0|1.81494|9.51643|0|1.48187
0|9.05551|0|3.16785|9.54825|0|3.08594|9.51643|0|1.48187
0|7.89876|0|3.00586|9.05551|0|3.16785|9.51643|0|1.48187
0|6.8895|0|3.11484|7.89876|0|3.00586|9.51643|0|1.48187
0|14.7948|0|5.45257|14.8415|0|2.39254|14.0521|0|2.08811
0|14.7948|0|5.45257|15.1375|0|5.20762|14.8415|0|2.39254
0|15.1375|0|5.20762|15.9432|0|2.3792|14.8415|0|2.39254
0|15.1375|0|5.20762|15.4923|0|5.33632|15.9432|0|2.3792
0|15.4923|0|5.33632|16.7795|0|2.7716|15.9432|0|2.3792
0|15.4923|0|5.33632|17.1966|0|3.51681|16.7795|0|2.7716
0|15.4923|0|5.33632|15.7779|0|5.59739|17.1966|0|3.51681
0|15.7779|0|5.59739|17.8813|0|4.2036|17.1966|0|3.51681
0|15.7779|0|5.59739|18.2812|0|5.05901|17.8813|0|4.2036
0|15.7779|0|5.59739|15.7595|0|5.91803|18.2812|0|5.05901
0|15.7595|0|5.91803|18.518|0|5.89435|18.2812|0|5.05901
0|15.7595|0|5.91803|15.5433|0|6.1498|18.518|0|5.89435
0|15.5433|0|6.1498|18.4119|0|6.76303|18.518|0|5.89435
0|15.5433|0|6.1498|18.5246|0|7.44193|18.4119|0|6.76303
0|15.5433|0|6.1498|17.8278|0|11.0852|18.5246|0|7.44193
0|18.5246|0|7.44193|17.8278|0|11.0852|18.8027|0|8.08821
0|17.8278|0|11.0852|19.008|0|9.54642|18.8027|0|8.08821
0|17.8278|0|11.0852|18.0707|0|11.287|19.008|0|9.54642
0|18.0707|0|11.287|19.7984|0|10.2491|19.008|0|9.54642
0|18.0707|0|11.287|20.1942|0|11.1474|19.7984|0|10.2491
0|18.0707|0|11.287|18.0755|0|11.6562|20.1942|0|11.1474
0|18.0755|0|11.6562|20.2035|0|12.021|20.1942|0|11.1474
0|15.5433|0|6.1498|14.0871|0|8.4618|17.8278|0|11.0852
0|15.5433|0|6.1498|15.1661|0|6.22312|14.0871|0|8.4618
0|15.1661|0|6.22312|14.9336|0|6.12025|14.0871|0|8.4618
0|14.9336|0|6.12025|13.6114|0|6.91136|14.0871|0|8.4618
0|13.2709|0|6.31661|13.6114|0|6.91136|14.9336|0|6.12025
0|14.9336|0|6.12025|14.7886|0|5.79433|13.2709|0|6.31661
0|14.7886|0|5.79433|12.9385|0|5.94669|13.2709|0|6.31661
0|12.9385|0|5.94669|14.7886|0|5.79433|14.7948|0|5.45257
0|14.7948|0|5.45257|12.7248|0|5.52057|12.9385|0|5.94669
0|12.3386|0|5.19507|12.7248|0|5.52057|14.7948|0|5.45257
0|12.1118|0|4.81036|12.3386|0|5.19507|14.7948|0|5.45257
0|11.359|0|4.16735|12.1118|0|4.81036|14.7948|0|5.45257
0|14.0871|0|8.4618|16.9665|0|11.1879|17.8278|0|11.0852
0|14.0871|0|8.4618|14.0423|0|9.40829|16.9665|0|11.1879
0|14.0423|0|9.40829|14.103|0|9.85054|16.9665|0|11.1879
0|14.103|0|9.85054|14.318|0|10.2162|16.9665|0|11.1879
0|16.9665|0|11.1879|14.318|0|10.2162|16.7362|0|11.2982
0|14.318|0|10.2162|14.4055|0|10.6565|16.7362|0|11.2982
0|14.4055|0|10.6565|15.1001|0|11.4907|16.7362|0|11.2982
0|15.1001|0|11.4907|16.673|0|11.5956|16.7362|0|11.2982
0|16.673|0|11.5956|15.1001|0|11.4907|15.1494|0|11.6107
0|15.1494|0|11.6107|14.9923|0|12.2006|16.673|0|11.5956
0|14.9923|0|12.2006|15.1298|2.38419e-07|12.5226|16.673|0|11.5956
0|16.673|0|11.5956|15.1298|2.38419e-07|12.5226|16.952|0|11.6936
0|15.1298|2.38419e-07|12.5226|17.553|0|11.829|16.952|0|11.6936
0|15.1298|2.38419e-07|12.5226|15.0903|0|13.2085|17.553|0|11.829
0|15.0903|0|13.2085|15.2169|0|13.8657|17.553|0|11.829
0|17.553|0|11.829|15.2169|0|13.8657|17.9004|0|11.9016
0|15.2169|0|13.8657|15.5851|0|14.4704|17.9004|0|11.9016
0|15.5851|0|14.4704|16.0116|0|15.6453|17.9004|0|11.9016
0|17.9004|0|11.9016|20.2035|0|12.021|18.0755|0|11.6562
0|17.9004|0|11.9016|19.9979|0|12.4896|20.2035|0|12.021
0|17.9004|0|11.9016|19.4809|0|12.7768|19.9979|0|12.4896
0|17.9004|0|11.9016|19.0371|0|13.6331|19.4809|0|12.7768
0|17.9004|0|11.9016|19.0063|0|14.3541|19.0371|0|13.6331
0|17.9004|0|11.9016|16.0116|0|15.6453|19.0063|0|14.3541
0|16.0116|0|15.6453|19.2192|0|15.1445|19.0063|0|14.3541
0|16.0116|0|15.6453|16.0935|0|16.6465|19.2192|0|15.1445
0|19.2192|0|15.1445|16.0935|0|16.6465|19.5675|0|15.5115
0|16.0935|0|16.6465|19.5485|0|16.0418|19.5675|0|15.5115
0|16.0935|0|16.6465|19.2085|0|16.9621|19.5485|0|16.0418
0|16.0935|0|16.6465|15.7876|0|17.5354|19.2085|0|16.9621
0|19.2085|0|16.9621|15.7876|0|17.5354|18.9331|0|17.3102
0|15.7876|0|17.5354|15.8878|0|18.4498|18.9331|0|17.3102
0|18.9331|0|17.3102|15.8878|0|18.4498|18.9223|0|17.7034
0|15.8878|0|18.4498|19.1478|0|18.2239|18.9223|0|17.7034
0|15.8878|0|18.4498|19.0257|4.76837e-07|18.6694|19.1478|0|18.2239
0|15.8878|0|18.4498|15.7551|0|19.7095|19.0257|4.76837e-07|18.6694
0|19.0257|4.76837e-07|18.6694|15.7551|0|19.7095|18.5025|0|19.3713
0|15.7551|0|19.7095|15.826|0|20.1708|18.5025|0|19.3713
0|15.826|0|20.1708|18.2434|4.76837e-07|20.2612|18.5025|0|19.3713
0|15.826|0|20.1708|17.4942|0|20.9845|18.2434|4.76837e-07|20.2612
0|15.826|0|20.1708|15.6974|0|20.5765|17.4942|0|20.9845
0|15.6974|0|20.5765|15.1494|0|21.1675|17.4942|0|20.9845
0|17.4942|0|20.9845|15.1494|0|21.1675|16.4155|-4.76837e-07|21.3924
0|15.1494|0|21.1675|15.7007|0|22.0271|16.4155|-4.76837e-07|21.3924
0|15.1494|0|21.1675|15.0245|-4.76837e-07|22.9645|15.7007|0|22.0271
0|15.1494|0|21.1675|14.7244|0|22.013|15.0245|-4.76837e-07|22.9645
0|14.7244|0|22.013|14.1205|0|22.705|15.0245|-4.76837e-07|22.9645
0|14.1205|0|22.705|13.6836|0|23.0124|15.0245|-4.76837e-07|22.9645
0|13.6836|0|23.0124|13.395|0|23.3618|15.0245|-4.76837e-07|22.9645
0|13.395|0|23.3618|13.1886|0|23.6121|15.0245|-4.76837e-07|22.9645
0|-2.06504|0|1.50801|-2.38873|0|-0.295103|-2.52259|0|1.43214
0|-2.52259|0|1.43214|-2.38873|0|-0.295103|-3.90283|0|-0.155794
0|-2.52259|0|1.43214|-3.90283|0|-0.155794|-3.50317|0|1.47647
0|-3.50317|0|1.47647|-3.90283|0|-0.155794|-5.21859|0|0.571177
0|-4.41069|0|1.79902|-3.50317|0|1.47647|-5.21859|0|0.571177
0|-5.19427|0|1.82285|-4.41069|0|1.79902|-5.21859|0|0.571177
0|-5.19427|0|1.82285|-5.21859|0|0.571177|-5.65456|0|1.26877
0|-5.55145|0|2.00976|-5.19427|0|1.82285|-5.65456|0|1.26877
0|-5.55145|0|2.00976|-5.65456|0|1.26877|-6.59279|0|1.62236
0|-5.86632|0|2.4364|-5.55145|0|2.00976|-6.59279|0|1.62236
0|-6.75948|0|3.11758|-5.86632|0|2.4364|-6.59279|0|1.62236
0|-6.75948|0|3.11758|-6.59279|0|1.62236|-7.07052|0|1.83257
0|-6.75948|0|3.11758|-7.07052|0|1.83257|-8.00671|0|2.94356
0|-7.40599|0|3.91266|-6.75948|0|3.11758|-8.00671|0|2.94356
0|-8.23816|0|4.32472|-7.40599|0|3.91266|-8.00671|0|2.94356
0|-8.23816|0|4.32472|-8.00671|0|2.94356|-8.74678|0|3.1593
0|-8.23816|0|4.32472|-8.74678|0|3.1593|-9.24453|0|3.73719
0|-8.23816|0|4.32472|-9.24453|0|3.73719|-8.88404|0|5.07935
0|-8.88404|0|5.07935|-9.24453|0|3.73719|-9.48323|0|4.57278
0|-9.3079|0|5.95364|-8.88404|0|5.07935|-9.48323|0|4.57278
0|-9.3079|0|5.95364|-9.48323|0|4.57278|-9.91405|0|5.14742
0|-9.3079|0|5.95364|-9.91405|0|5.14742|-10.027|0|5.5683
0|-9.3079|0|5.95364|-10.027|0|5.5683|-9.83101|0|6.09357
0|-9.22211|0|6.91351|-9.3079|0|5.95364|-9.83101|0|6.09357
0|-9.22211|0|6.91351|-9.83101|0|6.09357|-9.88516|0|6.49517
0|-9.22211|0|6.91351|-9.88516|0|6.49517|-10.1747|0|6.72153
0|-9.42356|0|7.85782|-9.22211|0|6.91351|-10.1747|0|6.72153
0|-9.42356|0|7.85782|-10.1747|0|6.72153|-10.6233|0|7.53239
0|-9.42356|0|7.85782|-10.6233|0|7.53239|-10.6991|0|7.94938
0|-9.42356|0|7.85782|-10.6991|0|7.94938|-10.4767|0|8.34481
0|-9.33985|0|8.66559|-9.42356|0|7.85782|-10.4767|0|8.34481
0|-9.40771|0|9.56512|-9.33985|0|8.66559|-10.4767|0|8.34481
0|-10.4767|0|8.34481|-10.4395|0|9.00547|-9.40771|0|9.56512
0|-9.63858|-2.38419e-07|10.4082|-9.40771|0|9.56512|-10.4395|0|9.00547

0|-9.63858|-2.38419e-07|10.4082|-10.4395|0|9.00547|-10.7351|0|9.64426
0|-9.62084|0|10.647|-9.63858|-2.38419e-07|10.4082|-10.7351|0|9.64426
0|-9.62084|0|10.647|-10.7351|0|9.64426|-11.3395|0|10.2063
0|-9.4208|0|11.049|-9.62084|0|10.647|-11.3395|0|10.2063
0|-9.4208|0|11.049|-11.3395|0|10.2063|-10.7484|0|11.1365
0|-10.7484|0|11.1365|-11.3395|0|10.2063|-11.2678|0|11.1039
0|-11.2678|0|11.1039|-11.3395|0|10.2063|-11.8917|0|10.3363
0|-11.2678|0|11.1039|-11.8917|0|10.3363|-11.5655|0|11.5717
0|-11.5655|0|11.5717|-11.8917|0|10.3363|-12.2605|0|10.7255
0|-11.5655|0|11.5717|-12.2605|0|10.7255|-12.5789|0|11.4919
0|-11.5655|0|11.5717|-12.5789|0|11.4919|-11.3397|0|11.9455
0|-11.3397|0|11.9455|-12.5789|0|11.4919|-12.5257|0|12.3814
0|-11.3397|0|11.9455|-12.5257|0|12.3814|-11.9865|0|13.185
0|-10.7484|0|11.1365|-10.5921|0|11.3538|-9.4208|0|11.049
0|-10.5921|0|11.3538|-10.4583|0|11.5397|-9.4208|0|11.049
0|-10.4583|0|11.5397|-9.18515|0|11.2225|-9.4208|0|11.049
0|-10.4583|0|11.5397|-9.15906|0|11.4545|-9.18515|0|11.2225
0|-10.4583|0|11.5397|-10.4563|0|12.0756|-9.15906|0|11.4545
0|-10.4563|0|12.0756|-9.29466|0|11.7166|-9.15906|0|11.4545
0|-9.29466|0|11.7166|-10.4563|0|12.0756|-9.2297|0|11.8175
0|-9.43771|0|12.0692|-9.2297|0|11.8175|-10.4563|0|12.0756
0|-9.43771|0|12.0692|-10.4563|0|12.0756|-9.10232|0|12.218
0|-9.12855|0|17.1418|-11.3397|0|11.9455|-11.9865|0|13.185
0|-9.12855|0|17.1418|-10.4563|0|12.0756|-11.3397|0|11.9455
0|-8.9209|0|12.4967|-8.90503|0|12.3446|-9.10232|0|12.218
0|-8.77063|0|12.7636|-8.75996|0|12.5888|-8.9209|0|12.4967
0|-8.77063|0|12.7636|-8.9209|0|12.4967|-10.4563|0|12.0756
0|-8.9209|0|12.4967|-9.10232|0|12.218|-10.4563|0|12.0756
0|-8.77063|0|12.7636|-10.4563|0|12.0756|-8.96992|0|13.1202
0|-9.12855|0|17.1418|-8.96992|0|13.1202|-10.4563|0|12.0756
0|-8.61555|0|14.1574|-8.96992|0|13.1202|-9.12855|0|17.1418
0|-7.86124|0|14.8208|-8.61555|0|14.1574|-9.12855|0|17.1418
0|-9.12855|0|17.1418|-11.9865|0|13.185|-9.54622|0|17.6678
0|-9.54622|0|17.6678|-11.9865|0|13.185|-11.8491|0|14.0036
0|-9.54622|0|17.6678|-11.8491|0|14.0036|-12.0326|0|14.89
0|-9.54622|0|17.6678|-12.0326|0|14.89|-11.7634|0|16.5024
0|-9.54622|0|17.6678|-11.7634|0|16.5024|-11.8784|0|17.5277
0|-9.54622|0|17.6678|-11.8784|0|17.5277|-11.6364|0|18.4009
0|-9.54622|0|17.6678|-11.6364|0|18.4009|-11.224|0|19.1093
0|-9.35733|0|18.0485|-9.54622|0|17.6678|-11.224|0|19.1093
0|-9.35733|0|18.0485|-11.224|0|19.1093|-10.4478|0|19.5936
0|-9.35733|0|18.0485|-10.4478|0|19.5936|-9.91558|0|20.146
0|-9.35733|0|18.0485|-9.91558|0|20.146|-8.95376|0|18.2205
0|-8.95376|0|18.2205|-9.91558|0|20.146|-9.05951|0|20.4526
0|-8.95376|0|18.2205|-9.05951|0|20.4526|-7.95203|0|20.4599
0|-8.95376|0|18.2205|-7.95203|0|20.4599|-8.49569|0|18.0483
0|-8.49569|0|18.0483|-7.95203|0|20.4599|-7.13966|0|20.7568
0|-7.33723|0|15.6046|-7.86124|0|14.8208|-9.12855|0|17.1418
0|-7.33723|0|15.6046|-9.12855|0|17.1418|-8.66478|0|17.2705
0|-6.73642|0|16.0969|-7.33723|0|15.6046|-8.66478|0|17.2705
0|-6.104|0|16.8181|-6.73642|0|16.0969|-8.66478|0|17.2705
0|-8.66478|0|17.2705|-8.49037|0|17.6569|-6.104|0|16.8181
0|-6.104|0|16.8181|-8.49037|0|17.6569|-8.49569|0|18.0483
0|-5.6896|0|17.5514|-6.104|0|16.8181|-8.49569|0|18.0483
0|-5.6896|0|17.5514|-8.49569|0|18.0483|-7.13966|0|20.7568
0|-5.04546|0|18.1771|-5.6896|0|17.5514|-7.13966|0|20.7568
0|-4.35709|0|18.3595|-5.04546|0|18.1771|-7.13966|0|20.7568
0|-3.82229|0|18.873|-4.35709|0|18.3595|-7.13966|0|20.7568
0|-3.48495|0|19.4867|-3.82229|0|18.873|-7.13966|0|20.7568
0|-3.58973|0|20.1356|-3.48495|0|19.4867|-7.13966|0|20.7568
0|-3.58973|0|20.1356|-7.13966|0|20.7568|-6.71238|0|21.4024
0|-3.58973|0|20.1356|-6.71238|0|21.4024|-6.48153|0|22.0936
0|-3.53451|0|20.3083|-3.58973|0|20.1356|-6.48153|0|22.0936
0|-3.09875|0|20.8764|-3.53451|0|20.3083|-6.48153|0|22.0936
0|-2.72714|0|22.1005|-3.09875|0|20.8764|-6.48153|0|22.0936
0|-2.72714|0|22.1005|-6.48153|0|22.0936|-6.05325|0|22.744
0|-2.72714|0|22.1005|-6.05325|0|22.744|-5.41902|0|23.2641
0|-2.72714|0|22.1005|-5.41902|0|23.2641|-3.87428|0|23.0802
0|-3.87428|0|23.0802|-3.59714|0|23.0668|-2.72714|0|22.1005
0|-3.59714|0|23.0668|-3.46185|0|23.2274|-2.72714|0|22.1005
0|-3.46185|0|23.2274|-2.60696|0|22.3022|-2.72714|0|22.1005
0|-3.46185|0|23.2274|-2.08342|0|22.9067|-2.60696|0|22.3022
0|-3.46185|0|23.2274|-3.36079|0|23.4085|-2.08342|0|22.9067
0|-3.36079|0|23.4085|-1.8605|0|23.352|-2.08342|0|22.9067
0|-3.36079|0|23.4085|-3.52907|0|23.7157|-1.8605|0|23.352
0|-3.87428|0|23.0802|-5.41902|0|23.2641|-4.02649|0|23.3731
0|-4.02649|0|23.3731|-5.41902|0|23.2641|-4.00665|0|23.6701
0|-4.00665|0|23.6701|-5.41902|0|23.2641|-5.30434|0|24.2955
0|-4.00665|0|23.6701|-5.30434|0|24.2955|-4.80231|0|24.9035
0|-4.00665|0|23.6701|-4.80231|0|24.9035|-3.82561|0|23.7704



0|-3.82561|0|23.7704|-4.80231|0|24.9035|-4.15338|0|25.1358
0|-3.82561|0|23.7704|-4.15338|0|25.1358|-3.52907|0|23.7157
0|-3.52907|0|23.7157|-4.15338|0|25.1358|-3.69223|0|24.8476
0|-3.52907|0|23.7157|-3.69223|0|24.8476|-3.18102|0|24.7875
0|-1.8605|0|23.352|-3.52907|0|23.7157|-3.18102|0|24.7875
0|-1.49574|0|23.6659|-1.8605|0|23.352|-3.18102|0|24.7875
0|-1.49574|0|23.6659|-3.18102|0|24.7875|-2.82113|0|24.9827
0|-1.23536|0|24.0714|-1.49574|0|23.6659|-2.82113|0|24.9827
0|-1.23536|0|24.0714|-2.82113|0|24.9827|-2.41166|0|25.9482
0|-0.521862|0|24.6983|-1.23536|0|24.0714|-2.41166|0|25.9482
0|-0.521862|0|24.6983|-2.41166|0|25.9482|-1.99134|0|26.1056
0|-0.521862|0|24.6983|-1.99134|0|26.1056|-1.58025|0|26.0823
0|-1.58025|0|26.0823|-1.10249|0|25.648|-0.521862|0|24.6983
0|-0.521862|0|24.6983|-1.10249|0|25.648|-0.181355|0|25.4983
0|0.354351|0|25.117|-0.521862|0|24.6983|-0.181355|0|25.4983
0|0.354351|0|25.117|-0.181355|0|25.4983|0.237125|0|25.7737
0|0.919384|0|25.6435|0.354351|0|25.117|0.237125|0|25.7737
0|1.51496|-2.38419e-07|23.9189|0.997971|2.38419e-07|22.0382|0.973976|-2.38419e-07|23.4279
0|0.973976|-2.38419e-07|23.4279|0.997971|2.38419e-07|22.0382|0.604012|0|22.853
0|0.604012|0|22.853|0.997971|2.38419e-07|22.0382|0.258106|0|22.6221
0|0.258106|0|22.6221|0.997971|2.38419e-07|22.0382|0.172989|0|22.0694
0|0.172989|0|22.0694|0.997971|2.38419e-07|22.0382|-0.127438|0|21.6906
0|0.997971|2.38419e-07|22.0382|1.61052|0|21.7991|-0.127438|0|21.6906
0|1.61052|0|21.7991|1.0641|0|19.6613|-0.127438|0|21.6906
0|-0.577011|0|21.4862|-0.127438|0|21.6906|1.0641|0|19.6613
0|-0.668945|0|21.0261|-0.577011|0|21.4862|1.0641|0|19.6613
0|-0.957424|4.76837e-07|20.6151|-0.668945|0|21.0261|1.0641|0|19.6613
0|-1.11618|-4.76837e-07|20.1644|-0.957424|4.76837e-07|20.6151|1.0641|0|19.6613
0|-1.35176|4.76837e-07|19.7974|-1.11618|-4.76837e-07|20.1644|1.0641|0|19.6613
0|-1.35176|4.76837e-07|19.7974|1.0641|0|19.6613|-1.50223|0|18.8969
0|1.0641|0|19.6613|2.31433|0|13.2652|-1.50223|0|18.8969
0|-1.50223|0|18.8969|2.31433|0|13.2652|-1.89806|0|18.5048
0|-1.89806|0|18.5048|2.31433|0|13.2652|-2.78469|0|17.9929
0|-2.78469|0|17.9929|2.31433|0|13.2652|-3.23569|4.76837e-07|17.289
0|-3.23569|4.76837e-07|17.289|2.31433|0|13.2652|-3.36032|0|16.8032
0|-3.36032|0|16.8032|2.31433|0|13.2652|-3.66321|0|16.393
0|2.31433|0|13.2652|2.01157|0|12.6232|-3.66321|0|16.393
0|-4.5096|0|15.8274|-3.66321|0|16.393|2.01157|0|12.6232
0|-5.29933|0|15.1226|-4.5096|0|15.8274|2.01157|0|12.6232
0|-5.29933|0|15.1226|2.01157|0|12.6232|-3.30257|0|7.52184
0|-3.30257|0|7.52184|-6.13523|4.76837e-07|14.6777|-5.29933|0|15.1226
0|-3.30257|0|7.52184|-3.57958|0|7.54772|-6.13523|4.76837e-07|14.6777
0|-3.57958|0|7.54772|-6.57768|0|14.0254|-6.13523|4.76837e-07|14.6777
0|-3.57958|0|7.54772|-6.8702|0|12.7194|-6.57768|0|14.0254
0|-6.8702|0|12.7194|-3.57958|0|7.54772|-6.85806|0|12.4535
0|-7.20541|0|12.3078|-6.85806|0|12.4535|-3.57958|0|7.54772
0|-7.53277|0|11.8371|-7.20541|0|12.3078|-3.57958|0|7.54772
0|-7.53277|0|11.8371|-3.57958|0|7.54772|-7.54353|0|11.6491
0|-7.54353|0|11.6491|-3.57958|0|7.54772|-7.49232|0|11.1625
0|-7.6649|0|10.8077|-7.49232|0|11.1625|-3.57958|0|7.54772
0|-7.43882|0|10.3019|-7.6649|0|10.8077|-3.57958|0|7.54772
0|-7.58306|0|10.0769|-7.43882|0|10.3019|-3.57958|0|7.54772
0|-7.5274|0|9.74019|-7.58306|0|10.0769|-3.57958|0|7.54772
0|-3.57958|0|7.54772|-4.13656|0|6.71459|-7.5274|0|9.74019
0|-4.13656|0|6.71459|-7.63342|0|8.99271|-7.5274|0|9.74019
0|-4.13656|0|6.71459|-7.91783|2.38419e-07|8.09594|-7.63342|0|8.99271
0|-7.74702|2.38419e-07|7.29064|-7.91783|2.38419e-07|8.09594|-4.13656|0|6.71459
0|-7.44327|0|6.89347|-7.74702|2.38419e-07|7.29064|-4.13656|0|6.71459
0|-4.13656|0|6.71459|-4.20461|0|6.50971|-7.44327|0|6.89347
0|-4.20461|0|6.50971|-6.888|2.38419e-07|5.79458|-7.44327|0|6.89347
0|-4.20461|0|6.50971|-5.46463|-2.38419e-07|3.95285|-6.888|2.38419e-07|5.79458
0|-5.46463|-2.38419e-07|3.95285|-4.20461|0|6.50971|-4.8445|0|3.59119
0|-4.20461|0|6.50971|-3.78671|0|6.42717|-4.8445|0|3.59119
0|-4.17505|0|3.42197|-4.8445|0|3.59119|-3.78671|0|6.42717
0|-3.575|0|3.45277|-4.17505|0|3.42197|-3.78671|0|6.42717
0|-2.97863|0|3.59499|-3.575|0|3.45277|-3.78671|0|6.42717
0|-2.52841|0|3.52939|-2.97863|0|3.59499|-3.78671|0|6.42717
0|-3.78671|0|6.42717|-3.25686|0|6.9075|-2.52841|0|3.52939
0|-2.10542|0|3.8322|-2.52841|0|3.52939|-3.25686|0|6.9075
0|-1.66304|0|3.86752|-2.10542|0|3.8322|-3.25686|0|6.9075
0|-1.20942|0|3.73228|-1.66304|0|3.86752|-3.25686|0|6.9075
0|-0.805828|0|4.00149|-1.20942|0|3.73228|-3.25686|0|6.9075
0|-0.288696|0|4.08627|-0.805828|0|4.00149|-3.25686|0|6.9075
0|0.0676003|0|4.2539|-0.288696|0|4.08627|-3.25686|0|6.9075
0|0.546673|0|4.37741|0.0676003|0|4.2539|-3.25686|0|6.9075
0|0.546673|0|4.37741|-3.25686|0|6.9075|-3.14154|0|7.21017
0|1.33994|0|4.91128|0.546673|0|4.37741|-3.14154|0|7.21017
0|1.33994|0|4.91128|-3.14154|0|7.21017|-3.30257|0|7.52184
0|2.01157|0|12.6232|1.33994|0|4.91128|-3.30257|0|7.52184
0|2.01157|0|12.6232|2.23041|0|12.2933|1.33994|0|4.91128
0|2.23041|0|12.2933|2.6795|0|12.1624|1.33994|0|4.91128
0|2.6795|0|12.1624|1.86543|0|4.89707|1.33994|0|4.91128
0|2.6795|0|12.1624|2.90951|0|4.62681|1.86543|0|4.89707
0|2.6795|0|12.1624|3.39122|0|12.66|2.90951|0|4.62681
0|3.39122|0|12.66|3.69442|0|4.81106|2.90951|0|4.62681
0|3.39122|0|12.66|4.15685|0|5.10104|3.69442|0|4.81106
0|3.39122|0|12.66|4.71245|0|5.13474|4.15685|0|5.10104
0|3.39122|0|12.66|5.57611|0|4.92166|4.71245|0|5.13474
0|3.39122|0|12.66|10.3551|0|13.2371|5.57611|0|4.92166
0|10.3551|0|13.2371|8.22019|0|4.51925|5.57611|0|4.92166
0|10.3551|0|13.2371|8.97526|0|4.74165|8.22019|0|4.51925
0|10.3551|0|13.2371|9.49309|0|5.05293|8.97526|0|4.74165
0|10.3551|0|13.2371|9.91687|0|5.48915|9.49309|0|5.05293
0|10.3551|0|13.2371|10.2386|0|6.05211|9.91687|0|5.48915
0|10.3551|0|13.2371|10.5952|0|6.29162|10.2386|0|6.05211
0|10.3551|0|13.2371|10.698|0|6.82112|10.5952|0|6.29162
0|10.3551|0|13.2371|10.6843|0|13.1365|10.698|0|6.82112
0|10.6843|0|13.1365|10.9917|-2.38419e-07|7.15193|10.698|0|6.82112
0|10.6843|0|13.1365|11.414|0|7.38638|10.9917|-2.38419e-07|7.15193
0|10.6843|0|13.1365|11.5071|2.38419e-07|7.83322|11.414|0|7.38638
0|10.6843|0|13.1365|11.7726|0|8.23243|11.5071|2.38419e-07|7.83322
0|10.6843|0|13.1365|11.9208|0|8.60526|11.7726|0|8.23243
0|10.6843|0|13.1365|10.9733|0|13.2477|11.9208|0|8.60526
0|10.9733|0|13.2477|12.005|0|9.26803|11.9208|0|8.60526
0|10.9733|0|13.2477|12.4495|0|9.82608|12.005|0|9.26803
0|10.9733|0|13.2477|11.2918|0|13.4599|12.4495|0|9.82608
0|11.2918|0|13.4599|13.0872|0|11.4038|12.4495|0|9.82608
0|11.2918|0|13.4599|13.1758|0|11.8821|13.0872|0|11.4038
0|11.2918|0|13.4599|12.9396|0|12.4142|13.1758|0|11.8821
0|11.2918|0|13.4599|13.0836|0|12.8485|12.9396|0|12.4142
0|11.2918|0|13.4599|11.3114|0|13.6659|13.0836|0|12.8485
0|11.3114|0|13.6659|13.3456|0|13.2234|13.0836|0|12.8485
0|11.3114|0|13.6659|13.4231|0|13.6509|13.3456|0|13.2234
0|11.3114|0|13.6659|11.2764|0|14.0641|13.4231|0|13.6509
0|11.2764|0|14.0641|13.7263|0|14.2576|13.4231|0|13.6509
0|11.2764|0|14.0641|13.744|0|14.9415|13.7263|0|14.2576
0|11.2764|0|14.0641|11.1337|0|14.2991|13.744|0|14.9415
0|11.1337|0|14.2991|13.6692|0|15.578|13.744|0|14.9415
0|11.1337|0|14.2991|12.7966|0|17.9087|13.6692|0|15.578
0|12.7966|0|17.9087|14.0844|0|16.563|13.6692|0|15.578
0|12.7966|0|17.9087|13.0016|0|17.8937|14.0844|0|16.563
0|13.0016|0|17.8937|14.2431|0|17.5297|14.0844|0|16.563
0|13.0016|0|17.8937|13.1797|0|18.0061|14.2431|0|17.5297
0|13.1797|0|18.0061|13.3163|0|18.1992|14.2431|0|17.5297
0|13.3163|0|18.1992|14.3843|0|18.8663|14.2431|0|17.5297
0|13.3163|0|18.1992|13.0711|0|18.8817|14.3843|0|18.8663
0|13.0711|0|18.8817|14.1823|0|19.5934|14.3843|0|18.8663
0|13.0711|0|18.8817|13.8504|0|20.1556|14.1823|0|19.5934
0|13.0711|0|18.8817|12.7907|0|18.9136|13.8504|0|20.1556
0|12.7907|0|18.9136|12.8858|0|20.8746|13.8504|0|20.1556
0|12.7907|0|18.9136|12.6077|0|21.237|12.8858|0|20.8746
0|12.7907|0|18.9136|12.0503|0|21.3507|12.6077|0|21.237
0|12.7907|0|18.9136|11.4907|0|19.1795|12.0503|0|21.3507
0|12.7907|0|18.9136|12.4726|0|18.7234|11.4907|0|19.1795
0|12.4726|0|18.7234|12.4088|0|18.4533|11.4907|0|19.1795
0|11.4907|0|19.1795|12.4088|0|18.4533|10.7351|0|19.3973
0|10.7351|0|19.3973|12.4088|0|18.4533|10.2467|0|17.5419
0|12.4088|0|18.4533|12.4907|0|18.245|10.2467|0|17.5419
0|12.4907|0|18.245|12.7966|0|17.9087|10.2467|0|17.5419
0|10.2467|0|17.5419|12.7966|0|17.9087|11.1337|0|14.2991
0|10.2467|0|17.5419|11.1337|0|14.2991|10.2737|0|14.3424
0|3.39122|0|12.66|10.0462|0|13.742|10.3551|0|13.2371
0|3.39122|0|12.66|3.41859|1.19209e-07|13.0607|10.0462|0|13.742
0|3.41859|1.19209e-07|13.0607|10.2737|0|14.3424|10.0462|0|13.742
0|3.41859|1.19209e-07|13.0607|10.2467|0|17.5419|10.2737|0|14.3424
0|1.0641|0|19.6613|1.2533|0|19.9692|2.31433|0|13.2652
0|2.31433|0|13.2652|1.2533|0|19.9692|3.23047|0|13.2167
0|1.2533|0|19.9692|10.2467|0|17.5419|3.23047|0|13.2167
0|3.41859|1.19209e-07|13.0607|3.23047|0|13.2167|10.2467|0|17.5419
1|0.919384|0|25.6435|0.838173|0|24.9538|0.354351|0|25.117
1|0.354351|0|25.117|0.838173|0|24.9538|0.973976|-2.38419e-07|23.4279
1|0.354351|0|25.117|0.973976|-2.38419e-07|23.4279|-0.521862|0|24.6983
1|-0.521862|0|24.6983|0.973976|-2.38419e-07|23.4279|0.604012|0|22.853
1|-0.521862|0|24.6983|0.604012|0|22.853|-1.23536|0|24.0714
1|0.604012|0|22.853|0.258106|0|22.6221|-1.23536|0|24.0714
1|-1.23536|0|24.0714|0.258106|0|22.6221|-1.49574|0|23.6659
1|-1.49574|0|23.6659|0.258106|0|22.6221|0.172989|0|22.0694
1|-1.49574|0|23.6659|0.172989|0|22.0694|-1.8605|0|23.352
1|-1.8605|0|23.352|0.172989|0|22.0694|-2.08342|0|22.9067
1|0.172989|0|22.0694|-0.127438|0|21.6906|-2.08342|0|22.9067
1|-2.08342|0|22.9067|-0.127438|0|21.6906|-0.577011|0|21.4862
1|-2.08342|0|22.9067|-0.577011|0|21.4862|-2.60696|0|22.3022
1|-2.60696|0|22.3022|-0.577011|0|21.4862|-0.668945|0|21.0261
1|-2.60696|0|22.3022|-0.668945|0|21.0261|-2.72714|0|22.1005
1|-2.72714|0|22.1005|-0.668945|0|21.0261|-0.957424|4.76837e-07|20.6151
1|-2.72714|0|22.1005|-0.957424|4.76837e-07|20.6151|-3.09875|0|20.8764
1|-3.09875|0|20.8764|-0.957424|4.76837e-07|20.6151|-1.11618|-4.76837e-07|20.1644
1|-3.09875|0|20.8764|-1.11618|-4.76837e-07|20.1644|-1.35176|4.76837e-07|19.7974
1|-3.09875|0|20.8764|-1.35176|4.76837e-07|19.7974|-3.53451|0|20.3083
1|-1.35176|4.76837e-07|19.7974|-3.58973|0|20.1356|-3.53451|0|20.3083
1|-3.58973|0|20.1356|-1.35176|4.76837e-07|19.7974|-1.50223|0|18.8969
1|-3.58973|0|20.1356|-1.50223|0|18.8969|-3.48495|0|19.4867
1|-1.50223|0|18.8969|-1.89806|0|18.5048|-3.48495|0|19.4867
1|-3.48495|0|19.4867|-1.89806|0|18.5048|-3.82229|0|18.873
1|-3.82229|0|18.873|-1.89806|0|18.5048|-2.78469|0|17.9929
1|-3.82229|0|18.873|-2.78469|0|17.9929|-4.35709|0|18.3595
1|-2.78469|0|17.9929|-3.23569|4.76837e-07|17.289|-4.35709|0|18.3595
1|-4.35709|0|18.3595|-3.23569|4.76837e-07|17.289|-5.04546|0|18.1771
1|-3.23569|4.76837e-07|17.289|-3.36032|0|16.8032|-5.04546|0|18.1771
1|-5.04546|0|18.1771|-3.36032|0|16.8032|-5.6896|0|17.5514
1|-3.36032|0|16.8032|-3.66321|0|16.393|-5.6896|0|17.5514
1|-5.6896|0|17.5514|-3.66321|0|16.393|-6.104|0|16.8181
1|-3.66321|0|16.393|-4.5096|0|15.8274|-6.104|0|16.8181
1|-6.104|0|16.8181|-4.5096|0|15.8274|-6.73642|0|16.0969
1|-4.5096|0|15.8274|-5.29933|0|15.1226|-6.73642|0|16.0969
1|-6.73642|0|16.0969|-5.29933|0|15.1226|-7.33723|0|15.6046
1|-5.29933|0|15.1226|-6.13523|4.76837e-07|14.6777|-7.33723|0|15.6046
1|-7.33723|0|15.6046|-6.13523|4.76837e-07|14.6777|-7.86124|0|14.8208
1|-6.13523|4.76837e-07|14.6777|-6.57768|0|14.0254|-7.86124|0|14.8208
1|-7.86124|0|14.8208|-6.57768|0|14.0254|-8.61555|0|14.1574
1|-6.57768|0|14.0254|-6.8702|0|12.7194|-8.61555|0|14.1574
1|-8.61555|0|14.1574|-6.8702|0|12.7194|-8.96992|0|13.1202
1|-6.8702|0|12.7194|-6.85806|0|12.4535|-8.96992|0|13.1202
1|-8.96992|0|13.1202|-6.85806|0|12.4535|-8.77063|0|12.7636
1|-6.85806|0|12.4535|-7.20541|0|12.3078|-8.77063|0|12.7636

1|-9.18515|0|11.2225|-7.6649|0|10.8077|-9.4208|0|11.049
1|-9.4208|0|11.049|-7.6649|0|10.8077|-7.43882|0|10.3019
1|-7.43882|0|10.3019|-9.62084|0|10.647|-9.4208|0|11.049
1|-9.62084|0|10.647|-7.43882|0|10.3019|-9.63858|-2.38419e-07|10.4082
1|-9.63858|-2.38419e-07|10.4082|-7.43882|0|10.3019|-7.58306|0|10.0769
1|-9.63858|-2.38419e-07|10.4082|-7.58306|0|10.0769|-9.40771|0|9.56512
1|-7.58306|0|10.0769|-7.5274|0|9.74019|-9.40771|0|9.56512
1|-9.40771|0|9.56512|-7.5274|0|9.74019|-7.63342|0|8.99271
1|-9.40771|0|9.56512|-7.63342|0|8.99271|-9.33985|0|8.66559
1|-9.33985|0|8.66559|-7.63342|0|8.99271|-7.91783|2.38419e-07|8.09594
1|-9.33985|0|8.66559|-7.91783|2.38419e-07|8.09594|-9.42356|0|7.85782
1|-7.91783|2.38419e-07|8.09594|-7.74702|2.38419e-07|7.29064|-9.42356|0|7.85782
1|-9.42356|0|7.85782|-7.74702|2.38419e-07|7.29064|-9.22211|0|6.91351
1|-9.22211|0|6.91351|-7.74702|2.38419e-07|7.29064|-9.3079|0|5.95364
1|-7.74702|2.38419e-07|7.29064|-7.44327|0|6.89347|-9.3079|0|5.95364
1|-9.3079|0|5.95364|-7.44327|0|6.89347|-8.88404|0|5.07935
1|-7.44327|0|6.89347|-6.888|2.38419e-07|5.79458|-8.88404|0|5.07935
1|-8.88404|0|5.07935|-6.888|2.38419e-07|5.79458|-8.23816|0|4.32472
1|-6.888|2.38419e-07|5.79458|-7.40599|0|3.91266|-8.23816|0|4.32472
1|-6.888|2.38419e-07|5.79458|-5.46463|-2.38419e-07|3.95285|-7.40599|0|3.91266
1|-7.40599|0|3.91266|-5.46463|-2.38419e-07|3.95285|-6.75948|0|3.11758
1|-6.75948|0|3.11758|-5.46463|-2.38419e-07|3.95285|-5.86632|0|2.4364
1|-5.46463|-2.38419e-07|3.95285|-4.8445|0|3.59119|-5.86632|0|2.4364
1|-5.86632|0|2.4364|-4.8445|0|3.59119|-5.55145|0|2.00976
1|-5.55145|0|2.00976|-4.8445|0|3.59119|-5.19427|0|1.82285
1|-4.8445|0|3.59119|-4.17505|0|3.42197|-5.19427|0|1.82285
1|-5.19427|0|1.82285|-4.17505|0|3.42197|-4.41069|0|1.79902
1|-4.41069|0|1.79902|-4.17505|0|3.42197|-3.50317|0|1.47647
1|-4.17505|0|3.42197|-3.575|0|3.45277|-3.50317|0|1.47647
1|-3.50317|0|1.47647|-3.575|0|3.45277|-2.52259|0|1.43214
1|-3.575|0|3.45277|-2.97863|0|3.59499|-2.52259|0|1.43214
1|-2.52259|0|1.43214|-2.97863|0|3.59499|-2.52841|0|3.52939
1|-2.52259|0|1.43214|-2.52841|0|3.52939|-2.06504|0|1.50801
1|-2.52841|0|3.52939|-2.10542|0|3.8322|-2.06504|0|1.50801
1|-2.06504|0|1.50801|-2.10542|0|3.8322|-1.59648|0|1.47651
1|-1.59648|0|1.47651|-2.10542|0|3.8322|-1.66304|0|3.86752
1|-1.66304|0|3.86752|-1.13673|0|1.6473|-1.59648|0|1.47651
1|-1.13673|0|1.6473|-1.66304|0|3.86752|-1.20942|0|3.73228
1|-1.13673|0|1.6473|-1.20942|0|3.73228|-0.324413|0|1.70098
1|-1.20942|0|3.73228|-0.805828|0|4.00149|-0.324413|0|1.70098
1|-0.324413|0|1.70098|-0.805828|0|4.00149|1.0955|0|2.39905
1|-0.805828|0|4.00149|-0.288696|0|4.08627|1.0955|0|2.39905
1|-0.288696|0|4.08627|0.0676003|0|4.2539|1.0955|0|2.39905
1|1.0955|0|2.39905|0.0676003|0|4.2539|0.546673|0|4.37741
1|1.0955|0|2.39905|0.546673|0|4.37741|1.74099|0|2.4507
1|1.74099|0|2.4507|0.546673|0|4.37741|1.94313|0|2.56103
1|1.94313|0|2.56103|0.546673|0|4.37741|1.33994|0|4.91128
1|1.94313|0|2.56103|1.33994|0|4.91128|2.29733|0|3.05552
1|1.33994|0|4.91128|1.86543|0|4.89707|2.29733|0|3.05552
1|2.29733|0|3.05552|1.86543|0|4.89707|2.9979|0|3.28216
1|1.86543|0|4.89707|2.90951|0|4.62681|2.9979|0|3.28216
1|2.9979|0|3.28216|2.90951|0|4.62681|3.69442|0|4.81106
1|3.69442|0|4.81106|3.7328|0|3.28288|2.9979|0|3.28216
1|3.7328|0|3.28288|3.69442|0|4.81106|4.15685|0|5.10104
1|4.35904|-2.38419e-07|2.88386|3.7328|0|3.28288|4.15685|0|5.10104
1|4.35904|-2.38419e-07|2.88386|4.15685|0|5.10104|4.71245|0|5.13474
1|4.71245|0|5.13474|5.98798|0|2.81202|4.35904|-2.38419e-07|2.88386
1|5.98798|0|2.81202|4.71245|0|5.13474|5.57611|0|4.92166
1|5.98798|0|2.81202|5.57611|0|4.92166|6.8895|0|3.11484
1|5.57611|0|4.92166|8.22019|0|4.51925|6.8895|0|3.11484
1|6.8895|0|3.11484|8.22019|0|4.51925|7.89876|0|3.00586
1|7.89876|0|3.00586|8.22019|0|4.51925|9.05551|0|3.16785
1|9.05551|0|3.16785|8.22019|0|4.51925|8.97526|0|4.74165
1|9.05551|0|3.16785|8.97526|0|4.74165|9.54825|0|3.08594
1|8.97526|0|4.74165|9.49309|0|5.05293|9.54825|0|3.08594
1|9.54825|0|3.08594|9.49309|0|5.05293|9.93269|0|3.20978
1|9.93269|0|3.20978|9.49309|0|5.05293|10.4893|0|3.74881
1|9.49309|0|5.05293|9.91687|0|5.48915|10.4893|0|3.74881
1|10.4893|0|3.74881|9.91687|0|5.48915|11.359|0|4.16735
1|9.91687|0|5.48915|10.2386|0|6.05211|11.359|0|4.16735
1|11.359|0|4.16735|10.2386|0|6.05211|12.1118|0|4.81036
1|10.2386|0|6.05211|10.5952|0|6.29162|12.1118|0|4.81036
1|12.1118|0|4.81036|10.5952|0|6.29162|12.3386|0|5.19507
1|12.3386|0|5.19507|10.5952|0|6.29162|10.698|0|6.82112
1|12.3386|0|5.19507|10.698|0|6.82112|12.7248|0|5.52057
1|12.7248|0|5.52057|10.698|0|6.82112|10.9917|-2.38419e-07|7.15193
1|10.9917|-2.38419e-07|7.15193|12.9385|0|5.94669|12.7248|0|5.52057
1|12.9385|0|5.94669|10.9917|-2.38419e-07|7.15193|13.2709|0|6.31661
1|13.2709|0|6.31661|10.9917|-2.38419e-07|7.15193|13.6114|0|6.91136
1|10.9917|-2.38419e-07|7.15193|11.414|0|7.38638|13.6114|0|6.91136
1|11.414|0|7.38638|11.5071|2.38419e-07|7.83322|13.6114|0|6.91136
1|13.6114|0|6.91136|11.5071|2.38419e-07|7.83322|11.7726|0|8.23243
1|13.6114|0|6.91136|11.7726|0|8.23243|14.0871|0|8.4618
1|11.7726|0|8.23243|11.9208|0|8.60526|14.0871|0|8.4618
1|14.0871|0|8.4618|11.9208|0|8.60526|12.005|0|9.26803
1|14.0871|0|8.4618|12.005|0|9.26803|14.0423|0|9.40829
1|12.005|0|9.26803|12.4495|0|9.82608|14.0423|0|9.40829
1|14.0423|0|9.40829|12.4495|0|9.82608|14.103|0|9.85054
1|14.103|0|9.85054|12.4495|0|9.82608|13.0872|0|11.4038
1|14.103|0|9.85054|13.0872|0|11.4038|14.318|0|10.2162
1|14.318|0|10.2162|13.0872|0|11.4038|14.4055|0|10.6565
1|14.4055|0|10.6565|13.0872|0|11.4038|15.1001|0|11.4907
1|15.1001|0|11.4907|13.0872|0|11.4038|15.1494|0|11.6107
1|13.0872|0|11.4038|13.1758|0|11.8821|15.1494|0|11.6107
1|15.1494|0|11.6107|13.1758|0|11.8821|12.9396|0|12.4142
1|15.1494|0|11.6107|12.9396|0|12.4142|14.9923|0|12.2006
1|14.9923|0|12.2006|12.9396|0|12.4142|13.0836|0|12.8485
1|13.0836|0|12.8485|15.1298|2.38419e-07|12.5226|14.9923|0|12.2006
1|15.1298|2.38419e-07|12.5226|13.0836|0|12.8485|13.3456|0|13.2234
1|13.3456|0|13.2234|15.0903|0|13.2085|15.1298|2.38419e-07|12.5226
1|15.0903|0|13.2085|13.3456|0|13.2234|13.4231|0|13.6509
1|13.4231|0|13.6509|15.2169|0|13.8657|15.0903|0|13.2085
1|15.2169|0|13.8657|13.4231|0|13.6509|13.7263|0|14.2576
1|13.7263|0|14.2576|15.5851|0|14.4704|15.2169|0|13.8657
1|15.5851|0|14.4704|13.7263|0|14.2576|13.744|0|14.9415
1|15.5851|0|14.4704|13.744|0|14.9415|16.0116|0|15.6453
1|16.0116|0|15.6453|13.744|0|14.9415|13.6692|0|15.578

1|14.0844|0|16.563|16.0116|0|15.6453|13.6692|0|15.578
1|16.0116|0|15.6453|14.0844|0|16.563|16.0935|0|16.6465
1|14.0844|0|16.563|14.2431|0|17.5297|16.0935|0|16.6465
1|16.0935|0|16.6465|14.2431|0|17.5297|15.7876|0|17.5354
1|15.7876|0|17.5354|14.2431|0|17.5297|14.3843|0|18.8663
1|14.3843|0|18.8663|15.8878|0|18.4498|15.7876|0|17.5354
1|15.8878|0|18.4498|14.3843|0|18.8663|15.7551|0|19.7095
1|15.7551|0|19.7095|14.3843|0|18.8663|14.1823|0|19.5934
1|15.7551|0|19.7095|14.1823|0|19.5934|15.826|0|20.1708
1|14.1823|0|19.5934|13.8504|0|20.1556|15.826|0|20.1708
1|15.826|0|20.1708|13.8504|0|20.1556|15.6974|0|20.5765
1|13.8504|0|20.1556|15.1494|0|21.1675|15.6974|0|20.5765
1|15.1494|0|21.1675|13.8504|0|20.1556|12.8858|0|20.8746
1|15.1494|0|21.1675|12.8858|0|20.8746|14.7244|0|22.013
1|14.1205|0|22.705|14.7244|0|22.013|12.8858|0|20.8746
1|12.8858|0|20.8746|12.6077|0|21.237|14.1205|0|22.705
1|14.1205|0|22.705|12.6077|0|21.237|13.6836|0|23.0124
0|-4.31602e+08|-4.31602e+08|-4.31602e+08|-4.31602e+08|-4.31602e+08|-4.31602e+08|-4.31602e+08|-4.31602e+08|-4.31602e+08
1|1.19445|4.76837e-07|19.6626|8.96418|0|12.3476|-0.155258|0|14.7925
1|1.19445|4.76837e-07|19.6626|10.3145|0|17.2819|8.96418|0|12.3476
0|-4.31602e+08|-4.31602e+08|-4.31602e+08|-4.31602e+08|-4.31602e+08|-4.31602e+08|-4.31602e+08|-4.31602e+08|-4.31602e+08
